N = 5
alpha = 0.666667
min. cost = 0.666667

14 graph(s) minimizing cost
===========================
2
0 0 0 1 1 
0 0 0 0 1 
0 0 0 0 1 
1 0 0 0 1 
1 1 1 1 0 

5
0 0 0 1 1 
0 0 0 1 1 
0 0 0 0 1 
1 1 0 0 1 
1 1 1 1 0 

6
0 0 0 1 1 
0 0 0 1 1 
0 0 0 1 1 
1 1 1 0 0 
1 1 1 0 0 

7
0 0 0 1 1 
0 0 0 1 1 
0 0 0 1 1 
1 1 1 0 1 
1 1 1 1 0 

10
0 0 1 0 1 
0 0 0 1 1 
1 0 0 0 1 
0 1 0 0 1 
1 1 1 1 0 

12
0 0 1 1 1 
0 0 0 0 1 
1 0 0 1 1 
1 0 1 0 1 
1 1 1 1 0 

13
0 0 1 1 0 
0 0 0 1 1 
1 0 0 0 1 
1 1 0 0 0 
0 1 1 0 0 

14
0 0 1 1 1 
0 0 0 1 1 
1 0 0 0 1 
1 1 0 0 0 
1 1 1 0 0 

15
0 0 1 1 1 
0 0 0 1 1 
1 0 0 0 1 
1 1 0 0 1 
1 1 1 1 0 

16
0 0 1 1 1 
0 0 0 1 1 
1 0 0 1 1 
1 1 1 0 1 
1 1 1 1 0 

17
0 0 1 1 1 
0 0 1 1 1 
1 1 0 0 1 
1 1 0 0 0 
1 1 1 0 0 

18
0 0 1 1 1 
0 0 1 1 1 
1 1 0 0 1 
1 1 0 0 1 
1 1 1 1 0 

19
0 0 1 1 1 
0 0 1 1 1 
1 1 0 1 1 
1 1 1 0 1 
1 1 1 1 0 

20
0 1 1 1 1 
1 0 1 1 1 
1 1 0 1 1 
1 1 1 0 1 
1 1 1 1 0 

