N = 7
alpha = 0.727273
min. cost = 0.545455

64 graph(s) minimizing cost
===========================
19
0 0 0 0 0 1 1 
0 0 0 0 0 1 1 
0 0 0 0 0 1 1 
0 0 0 0 0 1 1 
0 0 0 0 0 1 1 
1 1 1 1 1 0 1 
1 1 1 1 1 1 0 

75
0 0 0 0 1 1 1 
0 0 0 0 0 1 1 
0 0 0 0 0 1 1 
0 0 0 0 0 0 1 
1 0 0 0 0 1 1 
1 1 1 0 1 0 1 
1 1 1 1 1 1 0 

83
0 0 0 0 1 1 1 
0 0 0 0 0 1 1 
0 0 0 0 0 1 1 
0 0 0 0 0 1 1 
1 0 0 0 0 0 1 
1 1 1 1 0 0 1 
1 1 1 1 1 1 0 

84
0 0 0 0 1 1 1 
0 0 0 0 0 1 1 
0 0 0 0 0 1 1 
0 0 0 0 0 1 1 
1 0 0 0 0 1 1 
1 1 1 1 1 0 0 
1 1 1 1 1 0 0 

105
0 0 0 0 1 0 1 
0 0 0 0 1 0 1 
0 0 0 0 0 1 1 
0 0 0 0 0 1 1 
1 1 0 0 0 1 1 
0 0 1 1 1 0 1 
1 1 1 1 1 1 0 

127
0 0 0 0 1 1 1 
0 0 0 0 1 0 1 
0 0 0 0 0 1 1 
0 0 0 0 0 0 1 
1 1 0 0 0 1 1 
1 0 1 0 1 0 1 
1 1 1 1 1 1 0 

144
0 0 0 0 1 1 1 
0 0 0 0 1 0 1 
0 0 0 0 0 1 1 
0 0 0 0 0 1 1 
1 1 0 0 0 0 1 
1 0 1 1 0 0 1 
1 1 1 1 1 1 0 

145
0 0 0 0 1 1 0 
0 0 0 0 1 0 1 
0 0 0 0 0 1 1 
0 0 0 0 0 1 1 
1 1 0 0 0 1 1 
1 0 1 1 1 0 1 
0 1 1 1 1 1 0 

149
0 0 0 0 1 1 1 
0 0 0 0 1 0 1 
0 0 0 0 0 1 1 
0 0 0 0 0 1 1 
1 1 0 0 0 1 0 
1 0 1 1 1 0 1 
1 1 1 1 0 1 0 

150
0 0 0 0 1 1 1 
0 0 0 0 1 0 1 
0 0 0 0 0 1 1 
0 0 0 0 0 1 1 
1 1 0 0 0 1 1 
1 0 1 1 1 0 0 
1 1 1 1 1 0 0 

159
0 0 0 0 1 1 1 
0 0 0 0 1 1 1 
0 0 0 0 0 0 1 
0 0 0 0 0 0 1 
1 1 0 0 0 1 1 
1 1 0 0 1 0 1 
1 1 1 1 1 1 0 

169
0 0 0 0 1 1 1 
0 0 0 0 1 1 1 
0 0 0 0 0 1 1 
0 0 0 0 0 0 1 
1 1 0 0 0 0 1 
1 1 1 0 0 0 1 
1 1 1 1 1 1 0 

177
0 0 0 0 1 1 1 
0 0 0 0 1 1 1 
0 0 0 0 0 1 1 
0 0 0 0 0 1 1 
1 1 0 0 0 0 1 
1 1 1 1 0 0 0 
1 1 1 1 1 0 0 

184
0 0 0 0 1 1 1 
0 0 0 0 1 1 0 
0 0 0 0 1 0 1 
0 0 0 0 0 1 1 
1 1 1 0 0 0 1 
1 1 0 1 0 0 1 
1 0 1 1 1 1 0 

203
0 0 0 0 1 1 1 
0 0 0 0 1 1 1 
0 0 0 0 1 1 0 
0 0 0 0 0 1 1 
1 1 1 0 0 0 1 
1 1 1 1 0 0 0 
1 1 0 1 1 0 0 

252
0 0 0 1 0 1 1 
0 0 0 0 1 0 1 
0 0 0 0 0 1 1 
1 0 0 0 0 1 1 
0 1 0 0 0 0 1 
1 0 1 1 0 0 1 
1 1 1 1 1 1 0 

261
0 0 0 1 0 1 1 
0 0 0 0 1 1 1 
0 0 0 0 0 0 1 
1 0 0 0 0 1 1 
0 1 0 0 0 0 1 
1 1 0 1 0 0 1 
1 1 1 1 1 1 0 

278
0 0 0 1 0 1 1 
0 0 0 0 1 1 1 
0 0 0 0 0 1 1 
1 0 0 0 0 0 1 
0 1 0 0 0 0 1 
1 1 1 0 0 0 1 
1 1 1 1 1 1 0 

280
0 0 0 1 0 1 1 
0 0 0 0 1 1 0 
0 0 0 0 0 1 1 
1 0 0 0 0 1 1 
0 1 0 0 0 0 1 
1 1 1 1 0 0 1 
1 0 1 1 1 1 0 

287
0 0 0 1 0 1 1 
0 0 0 0 1 1 1 
0 0 0 0 0 1 1 
1 0 0 0 0 1 1 
0 1 0 0 0 0 1 
1 1 1 1 0 0 0 
1 1 1 1 1 0 0 

298
0 0 0 1 0 0 1 
0 0 0 0 1 1 1 
0 0 0 0 1 1 1 
1 0 0 0 0 0 1 
0 1 1 0 0 0 1 
0 1 1 0 0 0 1 
1 1 1 1 1 1 0 

316
0 0 0 1 0 1 1 
0 0 0 0 1 0 1 
0 0 0 0 1 0 1 
1 0 0 0 0 1 1 
0 1 1 0 0 1 0 
1 0 0 1 1 0 1 
1 1 1 1 0 1 0 

317
0 0 0 1 0 1 1 
0 0 0 0 1 0 1 
0 0 0 0 1 0 1 
1 0 0 0 0 1 1 
0 1 1 0 0 1 1 
1 0 0 1 1 0 0 
1 1 1 1 1 0 0 

337
0 0 0 1 0 1 1 
0 0 0 0 1 1 1 
0 0 0 0 1 0 1 
1 0 0 0 0 0 1 
0 1 1 0 0 1 1 
1 1 0 0 1 0 0 
1 1 1 1 1 0 0 

343
0 0 0 1 0 1 1 
0 0 0 0 1 1 0 
0 0 0 0 1 0 1 
1 0 0 0 0 1 1 
0 1 1 0 0 0 1 
1 1 0 1 0 0 1 
1 0 1 1 1 1 0 

357
0 0 0 1 0 1 1 
0 0 0 0 1 1 1 
0 0 0 0 1 0 1 
1 0 0 0 0 1 1 
0 1 1 0 0 1 0 
1 1 0 1 1 0 0 
1 1 1 1 0 0 0 

377
0 0 0 1 0 1 1 
0 0 0 0 1 1 1 
0 0 0 0 1 1 1 
1 0 0 0 0 0 1 
0 1 1 0 0 0 1 
1 1 1 0 0 0 0 
1 1 1 1 1 0 0 

403
0 0 0 1 1 0 1 
0 0 0 0 0 1 1 
0 0 0 0 0 1 1 
1 0 0 0 1 0 1 
1 0 0 1 0 0 1 
0 1 1 0 0 0 1 
1 1 1 1 1 1 0 

420
0 0 0 1 1 0 1 
0 0 0 0 1 1 1 
0 0 0 0 0 0 1 
1 0 0 0 0 1 1 
1 1 0 0 0 0 1 
0 1 0 1 0 0 1 
1 1 1 1 1 1 0 

443
0 0 0 1 1 0 1 
0 0 0 0 1 1 1 
0 0 0 0 0 1 1 
1 0 0 0 0 0 1 
1 1 0 0 0 0 1 
0 1 1 0 0 0 1 
1 1 1 1 1 1 0 

451
0 0 0 1 1 0 1 
0 0 0 0 1 1 1 
0 0 0 0 0 1 1 
1 0 0 0 0 1 0 
1 1 0 0 0 0 1 
0 1 1 1 0 0 1 
1 1 1 0 1 1 0 

454
0 0 0 1 1 0 1 
0 0 0 0 1 1 1 
0 0 0 0 0 1 1 
1 0 0 0 0 1 1 
1 1 0 0 0 0 1 
0 1 1 1 0 0 0 
1 1 1 1 1 0 0 

458
0 0 0 1 1 1 1 
0 0 0 0 1 0 1 
0 0 0 0 0 1 1 
1 0 0 0 0 0 1 
1 1 0 0 0 1 1 
1 0 1 0 1 0 0 
1 1 1 1 1 0 0 

484
0 0 0 1 1 1 1 
0 0 0 0 1 1 1 
0 0 0 0 0 1 1 
1 0 0 0 0 0 1 
1 1 0 0 0 0 1 
1 1 1 0 0 0 0 
1 1 1 1 1 0 0 

493
0 0 0 1 1 1 0 
0 0 0 0 1 1 1 
0 0 0 0 0 1 1 
1 0 0 0 0 1 1 
1 1 0 0 0 0 1 
1 1 1 1 0 0 0 
0 1 1 1 1 0 0 

501
0 0 0 1 1 1 0 
0 0 0 0 1 0 1 
0 0 0 0 0 1 1 
1 0 0 0 1 1 0 
1 1 0 1 0 0 1 
1 0 1 1 0 0 1 
0 1 1 0 1 1 0 

518
0 0 0 1 1 1 0 
0 0 0 0 1 1 0 
0 0 0 0 0 1 1 
1 0 0 0 1 0 1 
1 1 0 1 0 0 1 
1 1 1 0 0 0 1 
0 0 1 1 1 1 0 

522
0 0 0 1 1 1 0 
0 0 0 0 1 1 1 
0 0 0 0 0 1 1 
1 0 0 0 1 0 1 
1 1 0 1 0 0 1 
1 1 1 0 0 0 0 
0 1 1 1 1 0 0 

527
0 0 0 1 1 1 1 
0 0 0 0 1 1 0 
0 0 0 0 0 1 1 
1 0 0 0 1 0 1 
1 1 0 1 0 0 1 
1 1 1 0 0 0 0 
1 0 1 1 1 0 0 

543
0 0 0 1 1 0 0 
0 0 0 0 1 1 1 
0 0 0 0 1 1 1 
1 0 0 0 0 1 0 
1 1 1 0 0 0 1 
0 1 1 1 0 0 1 
0 1 1 0 1 1 0 

544
0 0 0 1 1 0 1 
0 0 0 0 1 1 0 
0 0 0 0 1 1 0 
1 0 0 0 0 1 1 
1 1 1 0 0 0 1 
0 1 1 1 0 0 1 
1 0 0 1 1 1 0 

545
0 0 0 1 1 0 1 
0 0 0 0 1 1 1 
0 0 0 0 1 1 0 
1 0 0 0 0 1 0 
1 1 1 0 0 0 1 
0 1 1 1 0 0 1 
1 1 0 0 1 1 0 

548
0 0 0 1 1 0 1 
0 0 0 0 1 1 1 
0 0 0 0 1 1 1 
1 0 0 0 0 1 0 
1 1 1 0 0 0 1 
0 1 1 1 0 0 0 
1 1 1 0 1 0 0 

550
0 0 0 1 1 0 1 
0 0 0 0 1 1 1 
0 0 0 0 1 1 1 
1 0 0 0 0 1 1 
1 1 1 0 0 0 0 
0 1 1 1 0 0 0 
1 1 1 1 0 0 0 

562
0 0 0 1 1 1 0 
0 0 0 0 1 1 1 
0 0 0 0 1 1 1 
1 0 0 0 0 0 1 
1 1 1 0 0 0 1 
1 1 1 0 0 0 0 
0 1 1 1 1 0 0 

569
0 0 0 1 1 1 1 
0 0 0 0 1 1 1 
0 0 0 0 1 1 1 
1 0 0 0 0 0 1 
1 1 1 0 0 0 0 
1 1 1 0 0 0 0 
1 1 1 1 0 0 0 

596
0 0 0 1 1 0 0 
0 0 0 1 0 1 1 
0 0 0 0 1 1 1 
1 1 0 0 0 1 1 
1 0 1 0 0 0 1 
0 1 1 1 0 0 0 
0 1 1 1 1 0 0 

601
0 0 0 1 1 0 1 
0 0 0 1 0 1 1 
0 0 0 0 1 1 0 
1 1 0 0 0 1 1 
1 0 1 0 0 0 1 
0 1 1 1 0 0 0 
1 1 0 1 1 0 0 

604
0 0 0 1 1 0 1 
0 0 0 1 0 1 1 
0 0 0 0 1 1 1 
1 1 0 0 0 1 0 
1 0 1 0 0 0 1 
0 1 1 1 0 0 0 
1 1 1 0 1 0 0 

614
0 0 0 1 1 1 0 
0 0 0 1 0 0 1 
0 0 0 0 1 1 1 
1 1 0 0 0 1 1 
1 0 1 0 0 0 1 
1 0 1 1 0 0 0 
0 1 1 1 1 0 0 

625
0 0 0 1 1 1 0 
0 0 0 1 0 1 1 
0 0 0 0 1 1 1 
1 1 0 0 0 0 1 
1 0 1 0 0 0 1 
1 1 1 0 0 0 0 
0 1 1 1 1 0 0 

715
0 0 0 1 1 1 1 
0 0 0 1 1 1 1 
0 0 0 0 1 1 1 
1 1 0 0 1 1 1 
1 1 1 1 0 1 1 
1 1 1 1 1 0 1 
1 1 1 1 1 1 0 

725
0 0 0 1 1 1 1 
0 0 0 1 1 1 1 
0 0 0 1 1 1 1 
1 1 1 0 0 1 1 
1 1 1 0 0 1 1 
1 1 1 1 1 0 1 
1 1 1 1 1 1 0 

737
0 0 1 0 1 1 0 
0 0 0 1 0 1 1 
1 0 0 0 1 0 1 
0 1 0 0 0 1 1 
1 0 1 0 0 0 1 
1 1 0 1 0 0 0 
0 1 1 1 1 0 0 

802
0 0 1 0 1 1 1 
0 0 0 1 1 1 1 
1 0 0 0 1 1 1 
0 1 0 0 1 1 1 
1 1 1 1 0 1 1 
1 1 1 1 1 0 1 
1 1 1 1 1 1 0 

808
0 0 1 1 1 1 1 
0 0 0 0 0 1 1 
1 0 0 1 1 1 1 
1 0 1 0 1 1 1 
1 0 1 1 0 1 1 
1 1 1 1 1 0 1 
1 1 1 1 1 1 0 

814
0 0 1 1 1 1 1 
0 0 0 0 1 1 1 
1 0 0 1 1 1 1 
1 0 1 0 0 1 1 
1 1 1 0 0 1 1 
1 1 1 1 1 0 1 
1 1 1 1 1 1 0 

836
0 0 1 1 1 1 1 
0 0 0 1 1 1 1 
1 0 0 0 1 1 1 
1 1 0 0 0 1 1 
1 1 1 0 0 1 1 
1 1 1 1 1 0 1 
1 1 1 1 1 1 0 

839
0 0 1 1 1 1 1 
0 0 0 1 1 1 1 
1 0 0 0 1 1 1 
1 1 0 0 1 1 1 
1 1 1 1 0 0 1 
1 1 1 1 0 0 1 
1 1 1 1 1 1 0 

842
0 0 1 1 1 1 1 
0 0 1 1 1 0 1 
1 1 0 0 1 1 1 
1 1 0 0 0 1 1 
1 1 1 0 0 1 1 
1 0 1 1 1 0 1 
1 1 1 1 1 1 0 

846
0 0 1 1 1 1 1 
0 0 1 1 1 1 1 
1 1 0 0 1 1 1 
1 1 0 0 0 0 1 
1 1 1 0 0 1 1 
1 1 1 0 1 0 1 
1 1 1 1 1 1 0 

848
0 0 1 1 1 1 1 
0 0 1 1 1 1 1 
1 1 0 0 1 1 1 
1 1 0 0 1 1 1 
1 1 1 1 0 0 1 
1 1 1 1 0 0 0 
1 1 1 1 1 0 0 

851
0 0 1 1 1 1 1 
0 0 1 1 1 1 1 
1 1 0 1 1 1 1 
1 1 1 0 1 1 1 
1 1 1 1 0 1 1 
1 1 1 1 1 0 1 
1 1 1 1 1 1 0 

852
0 1 1 1 1 1 1 
1 0 1 1 1 1 1 
1 1 0 1 1 1 1 
1 1 1 0 1 1 1 
1 1 1 1 0 1 1 
1 1 1 1 1 0 1 
1 1 1 1 1 1 0 

