N = 6
alpha = 0.7
min. cost = 0.6

10 graph(s) minimizing cost
===========================
0
0 0 0 0 0 1 
0 0 0 0 0 1 
0 0 0 0 0 1 
0 0 0 0 0 1 
0 0 0 0 0 1 
1 1 1 1 1 0 

69
0 0 0 1 1 1 
0 0 0 1 1 1 
0 0 0 0 1 1 
1 1 0 0 1 1 
1 1 1 1 0 1 
1 1 1 1 1 0 

73
0 0 0 1 1 1 
0 0 0 1 1 1 
0 0 0 1 1 1 
1 1 1 0 0 1 
1 1 1 0 0 1 
1 1 1 1 1 0 

87
0 0 1 0 1 1 
0 0 0 1 1 1 
1 0 0 0 1 1 
0 1 0 0 1 1 
1 1 1 1 0 1 
1 1 1 1 1 0 

89
0 0 1 1 1 1 
0 0 0 0 0 1 
1 0 0 1 1 1 
1 0 1 0 1 1 
1 0 1 1 0 1 
1 1 1 1 1 0 

92
0 0 1 1 1 1 
0 0 0 0 1 1 
1 0 0 1 1 1 
1 0 1 0 0 1 
1 1 1 0 0 1 
1 1 1 1 1 0 

101
0 0 1 1 1 1 
0 0 0 1 1 1 
1 0 0 0 1 1 
1 1 0 0 0 1 
1 1 1 0 0 1 
1 1 1 1 1 0 

104
0 0 1 1 1 1 
0 0 1 1 1 0 
1 1 0 0 1 1 
1 1 0 0 0 1 
1 1 1 0 0 1 
1 0 1 1 1 0 

105
0 0 1 1 1 1 
0 0 1 1 1 1 
1 1 0 0 1 1 
1 1 0 0 0 0 
1 1 1 0 0 1 
1 1 1 0 1 0 

106
0 0 1 1 1 1 
0 0 1 1 1 1 
1 1 0 0 1 1 
1 1 0 0 0 1 
1 1 1 0 0 0 
1 1 1 1 0 0 

