N = 6
alpha = 0
min. cost = 0.333333

6 graph(s) minimizing cost
==========================
0
0 0 0 0 0 1 
0 0 0 0 0 1 
0 0 0 0 0 1 
0 0 0 0 0 1 
0 0 0 0 0 1 
1 1 1 1 1 0 

1
0 0 0 0 1 1 
0 0 0 0 0 1 
0 0 0 0 0 1 
0 0 0 0 0 1 
1 0 0 0 0 0 
1 1 1 1 0 0 

3
0 0 0 0 1 0 
0 0 0 0 1 0 
0 0 0 0 0 1 
0 0 0 0 0 1 
1 1 0 0 0 1 
0 0 1 1 1 0 

4
0 0 0 0 1 1 
0 0 0 0 1 0 
0 0 0 0 0 1 
0 0 0 0 0 1 
1 1 0 0 0 0 
1 0 1 1 0 0 

14
0 0 0 1 0 1 
0 0 0 0 1 1 
0 0 0 0 0 1 
1 0 0 0 0 0 
0 1 0 0 0 0 
1 1 1 0 0 0 

18
0 0 0 1 0 1 
0 0 0 0 1 1 
0 0 0 0 1 0 
1 0 0 0 0 0 
0 1 1 0 0 0 
1 1 0 0 0 0 

