N = 7
alpha = 0
min. cost = 0.285714

11 graph(s) minimizing cost
===========================
0
0 0 0 0 0 0 1 
0 0 0 0 0 0 1 
0 0 0 0 0 0 1 
0 0 0 0 0 0 1 
0 0 0 0 0 0 1 
0 0 0 0 0 0 1 
1 1 1 1 1 1 0 

1
0 0 0 0 0 1 1 
0 0 0 0 0 0 1 
0 0 0 0 0 0 1 
0 0 0 0 0 0 1 
0 0 0 0 0 0 1 
1 0 0 0 0 0 0 
1 1 1 1 1 0 0 

3
0 0 0 0 0 1 0 
0 0 0 0 0 1 0 
0 0 0 0 0 0 1 
0 0 0 0 0 0 1 
0 0 0 0 0 0 1 
1 1 0 0 0 0 1 
0 0 1 1 1 1 0 

4
0 0 0 0 0 1 1 
0 0 0 0 0 1 0 
0 0 0 0 0 0 1 
0 0 0 0 0 0 1 
0 0 0 0 0 0 1 
1 1 0 0 0 0 0 
1 0 1 1 1 0 0 

8
0 0 0 0 0 1 1 
0 0 0 0 0 1 0 
0 0 0 0 0 1 0 
0 0 0 0 0 0 1 
0 0 0 0 0 0 1 
1 1 1 0 0 0 0 
1 0 0 1 1 0 0 

20
0 0 0 0 1 0 1 
0 0 0 0 0 1 1 
0 0 0 0 0 0 1 
0 0 0 0 0 0 1 
1 0 0 0 0 0 0 
0 1 0 0 0 0 0 
1 1 1 1 0 0 0 

23
0 0 0 0 1 0 1 
0 0 0 0 0 1 0 
0 0 0 0 0 1 0 
0 0 0 0 0 0 1 
1 0 0 0 0 0 0 
0 1 1 0 0 0 1 
1 0 0 1 0 1 0 

25
0 0 0 0 1 0 1 
0 0 0 0 0 1 1 
0 0 0 0 0 1 0 
0 0 0 0 0 0 1 
1 0 0 0 0 0 0 
0 1 1 0 0 0 0 
1 1 0 1 0 0 0 

46
0 0 0 0 1 1 0 
0 0 0 0 0 1 1 
0 0 0 0 0 0 1 
0 0 0 0 0 0 1 
1 0 0 0 0 0 0 
1 1 0 0 0 0 0 
0 1 1 1 0 0 0 

215
0 0 0 1 0 0 1 
0 0 0 0 1 0 1 
0 0 0 0 0 1 1 
1 0 0 0 0 0 0 
0 1 0 0 0 0 0 
0 0 1 0 0 0 0 
1 1 1 0 0 0 0 

224
0 0 0 1 0 1 0 
0 0 0 0 1 0 1 
0 0 0 0 0 1 1 
1 0 0 0 0 0 0 
0 1 0 0 0 0 0 
1 0 1 0 0 0 0 
0 1 1 0 0 0 0 

