N = 8
alpha = 0
min. cost = 0.25

23 graph(s) minimizing cost
===========================
0
0 0 0 0 0 0 0 1 
0 0 0 0 0 0 0 1 
0 0 0 0 0 0 0 1 
0 0 0 0 0 0 0 1 
0 0 0 0 0 0 0 1 
0 0 0 0 0 0 0 1 
0 0 0 0 0 0 0 1 
1 1 1 1 1 1 1 0 

1
0 0 0 0 0 0 1 1 
0 0 0 0 0 0 0 1 
0 0 0 0 0 0 0 1 
0 0 0 0 0 0 0 1 
0 0 0 0 0 0 0 1 
0 0 0 0 0 0 0 1 
1 0 0 0 0 0 0 0 
1 1 1 1 1 1 0 0 

3
0 0 0 0 0 0 1 0 
0 0 0 0 0 0 1 0 
0 0 0 0 0 0 0 1 
0 0 0 0 0 0 0 1 
0 0 0 0 0 0 0 1 
0 0 0 0 0 0 0 1 
1 1 0 0 0 0 0 1 
0 0 1 1 1 1 1 0 

4
0 0 0 0 0 0 1 1 
0 0 0 0 0 0 1 0 
0 0 0 0 0 0 0 1 
0 0 0 0 0 0 0 1 
0 0 0 0 0 0 0 1 
0 0 0 0 0 0 0 1 
1 1 0 0 0 0 0 0 
1 0 1 1 1 1 0 0 

8
0 0 0 0 0 0 1 0 
0 0 0 0 0 0 1 0 
0 0 0 0 0 0 1 0 
0 0 0 0 0 0 0 1 
0 0 0 0 0 0 0 1 
0 0 0 0 0 0 0 1 
1 1 1 0 0 0 0 1 
0 0 0 1 1 1 1 0 

9
0 0 0 0 0 0 1 1 
0 0 0 0 0 0 1 0 
0 0 0 0 0 0 1 0 
0 0 0 0 0 0 0 1 
0 0 0 0 0 0 0 1 
0 0 0 0 0 0 0 1 
1 1 1 0 0 0 0 0 
1 0 0 1 1 1 0 0 

27
0 0 0 0 0 1 0 1 
0 0 0 0 0 0 1 1 
0 0 0 0 0 0 0 1 
0 0 0 0 0 0 0 1 
0 0 0 0 0 0 0 1 
1 0 0 0 0 0 0 0 
0 1 0 0 0 0 0 0 
1 1 1 1 1 0 0 0 

30
0 0 0 0 0 1 0 1 
0 0 0 0 0 0 1 0 
0 0 0 0 0 0 1 0 
0 0 0 0 0 0 0 1 
0 0 0 0 0 0 0 1 
1 0 0 0 0 0 0 0 
0 1 1 0 0 0 0 1 
1 0 0 1 1 0 1 0 

32
0 0 0 0 0 1 0 1 
0 0 0 0 0 0 1 1 
0 0 0 0 0 0 1 0 
0 0 0 0 0 0 0 1 
0 0 0 0 0 0 0 1 
1 0 0 0 0 0 0 0 
0 1 1 0 0 0 0 0 
1 1 0 1 1 0 0 0 

41
0 0 0 0 0 1 0 1 
0 0 0 0 0 0 1 1 
0 0 0 0 0 0 1 0 
0 0 0 0 0 0 1 0 
0 0 0 0 0 0 0 1 
1 0 0 0 0 0 0 0 
0 1 1 1 0 0 0 0 
1 1 0 0 1 0 0 0 

66
0 0 0 0 0 1 1 0 
0 0 0 0 0 0 1 1 
0 0 0 0 0 0 0 1 
0 0 0 0 0 0 0 1 
0 0 0 0 0 0 0 1 
1 0 0 0 0 0 0 0 
1 1 0 0 0 0 0 0 
0 1 1 1 1 0 0 0 

68
0 0 0 0 0 1 1 1 
0 0 0 0 0 0 1 0 
0 0 0 0 0 0 0 1 
0 0 0 0 0 0 0 1 
0 0 0 0 0 0 0 1 
1 0 0 0 0 0 0 0 
1 1 0 0 0 0 0 0 
1 0 1 1 1 0 0 0 

85
0 0 0 0 0 1 1 0 
0 0 0 0 0 0 1 0 
0 0 0 0 0 0 1 0 
0 0 0 0 0 0 0 1 
0 0 0 0 0 0 0 1 
1 0 0 0 0 0 0 1 
1 1 1 0 0 0 0 0 
0 0 0 1 1 1 0 0 

140
0 0 0 0 0 1 0 0 
0 0 0 0 0 1 0 0 
0 0 0 0 0 0 1 0 
0 0 0 0 0 0 1 0 
0 0 0 0 0 0 0 1 
1 1 0 0 0 0 0 1 
0 0 1 1 0 0 0 1 
0 0 0 0 1 1 1 0 

141
0 0 0 0 0 1 0 0 
0 0 0 0 0 1 0 0 
0 0 0 0 0 0 1 1 
0 0 0 0 0 0 1 0 
0 0 0 0 0 0 0 1 
1 1 0 0 0 0 0 1 
0 0 1 1 0 0 0 0 
0 0 1 0 1 1 0 0 

144
0 0 0 0 0 1 0 1 
0 0 0 0 0 1 0 0 
0 0 0 0 0 0 1 1 
0 0 0 0 0 0 1 0 
0 0 0 0 0 0 0 1 
1 1 0 0 0 0 0 0 
0 0 1 1 0 0 0 0 
1 0 1 0 1 0 0 0 

208
0 0 0 0 0 1 1 0 
0 0 0 0 0 1 0 1 
0 0 0 0 0 0 1 0 
0 0 0 0 0 0 0 1 
0 0 0 0 0 0 0 1 
1 1 0 0 0 0 0 0 
1 0 1 0 0 0 0 0 
0 1 0 1 1 0 0 0 

533
0 0 0 0 1 0 0 1 
0 0 0 0 0 1 0 1 
0 0 0 0 0 0 1 1 
0 0 0 0 0 0 0 1 
1 0 0 0 0 0 0 0 
0 1 0 0 0 0 0 0 
0 0 1 0 0 0 0 0 
1 1 1 1 0 0 0 0 

537
0 0 0 0 1 0 0 1 
0 0 0 0 0 1 0 1 
0 0 0 0 0 0 1 0 
0 0 0 0 0 0 1 0 
1 0 0 0 0 0 0 0 
0 1 0 0 0 0 0 0 
0 0 1 1 0 0 0 1 
1 1 0 0 0 0 1 0 

540
0 0 0 0 1 0 0 1 
0 0 0 0 0 1 0 1 
0 0 0 0 0 0 1 1 
0 0 0 0 0 0 1 0 
1 0 0 0 0 0 0 0 
0 1 0 0 0 0 0 0 
0 0 1 1 0 0 0 0 
1 1 1 0 0 0 0 0 

558
0 0 0 0 1 0 1 0 
0 0 0 0 0 1 0 1 
0 0 0 0 0 0 1 1 
0 0 0 0 0 0 0 1 
1 0 0 0 0 0 0 0 
0 1 0 0 0 0 0 0 
1 0 1 0 0 0 0 0 
0 1 1 1 0 0 0 0 

562
0 0 0 0 1 0 1 1 
0 0 0 0 0 1 0 1 
0 0 0 0 0 0 1 0 
0 0 0 0 0 0 0 1 
1 0 0 0 0 0 0 0 
0 1 0 0 0 0 0 0 
1 0 1 0 0 0 0 0 
1 1 0 1 0 0 0 0 

749
0 0 0 0 1 0 0 1 
0 0 0 0 0 1 1 0 
0 0 0 0 0 1 0 1 
0 0 0 0 0 0 1 0 
1 0 0 0 0 0 0 0 
0 1 1 0 0 0 0 0 
0 1 0 1 0 0 0 0 
1 0 1 0 0 0 0 0 

