5 21

15
0 0 0 0 1
0 0 0 0 1
0 0 0 0 1
0 0 0 0 1
1 1 1 1 0

25
0 0 0 1 1
0 0 0 0 1
0 0 0 0 1
1 0 0 0 0
1 1 1 0 0

35
0 0 0 1 1
0 0 0 0 1
0 0 0 0 1
1 0 0 0 1
1 1 1 1 0

45
0 0 0 1 1
0 0 0 1 0
0 0 0 0 1
1 1 0 0 1
1 0 1 1 0

55
0 0 0 1 1
0 0 0 1 1
0 0 0 0 1
1 1 0 0 0
1 1 1 0 0

65
0 0 0 1 1
0 0 0 1 1
0 0 0 0 1
1 1 0 0 1
1 1 1 1 0

75
0 0 0 1 1
0 0 0 1 1
0 0 0 1 1
1 1 1 0 0
1 1 1 0 0

85
0 0 0 1 1
0 0 0 1 1
0 0 0 1 1
1 1 1 0 1
1 1 1 1 0

95
0 0 1 0 1
0 0 0 1 1
1 0 0 0 0
0 1 0 0 0
1 1 0 0 0

105
0 0 1 0 1
0 0 0 1 1
1 0 0 0 1
0 1 0 0 0
1 1 1 0 0

115
0 0 1 0 1
0 0 0 1 1
1 0 0 0 1
0 1 0 0 1
1 1 1 1 0

125
0 0 1 1 1
0 0 0 0 1
1 0 0 1 1
1 0 1 0 0
1 1 1 0 0

135
0 0 1 1 1
0 0 0 0 1
1 0 0 1 1
1 0 1 0 1
1 1 1 1 0

145
0 0 1 1 0
0 0 0 1 1
1 0 0 0 1
1 1 0 0 0
0 1 1 0 0

155
0 0 1 1 1
0 0 0 1 1
1 0 0 0 1
1 1 0 0 0
1 1 1 0 0

165
0 0 1 1 1
0 0 0 1 1
1 0 0 0 1
1 1 0 0 1
1 1 1 1 0

175
0 0 1 1 1
0 0 0 1 1
1 0 0 1 1
1 1 1 0 1
1 1 1 1 0

185
0 0 1 1 1
0 0 1 1 1
1 1 0 0 1
1 1 0 0 0
1 1 1 0 0

195
0 0 1 1 1
0 0 1 1 1
1 1 0 0 1
1 1 0 0 1
1 1 1 1 0

205
0 0 1 1 1
0 0 1 1 1
1 1 0 1 1
1 1 1 0 1
1 1 1 1 0

215
0 1 1 1 1
1 0 1 1 1
1 1 0 1 1
1 1 1 0 1
1 1 1 1 0