6 112

16
0 0 0 0 0 1
0 0 0 0 0 1
0 0 0 0 0 1
0 0 0 0 0 1
0 0 0 0 0 1
1 1 1 1 1 0

26
0 0 0 0 1 1
0 0 0 0 0 1
0 0 0 0 0 1
0 0 0 0 0 1
1 0 0 0 0 0
1 1 1 1 0 0

36
0 0 0 0 1 1
0 0 0 0 0 1
0 0 0 0 0 1
0 0 0 0 0 1
1 0 0 0 0 1
1 1 1 1 1 0

46
0 0 0 0 1 0
0 0 0 0 1 0
0 0 0 0 0 1
0 0 0 0 0 1
1 1 0 0 0 1
0 0 1 1 1 0

56
0 0 0 0 1 1
0 0 0 0 1 0
0 0 0 0 0 1
0 0 0 0 0 1
1 1 0 0 0 0
1 0 1 1 0 0

66
0 0 0 0 1 1
0 0 0 0 1 0
0 0 0 0 0 1
0 0 0 0 0 1
1 1 0 0 0 1
1 0 1 1 1 0

76
0 0 0 0 1 1
0 0 0 0 1 1
0 0 0 0 0 1
0 0 0 0 0 1
1 1 0 0 0 0
1 1 1 1 0 0

86
0 0 0 0 1 1
0 0 0 0 1 1
0 0 0 0 0 1
0 0 0 0 0 1
1 1 0 0 0 1
1 1 1 1 1 0

96
0 0 0 0 1 1
0 0 0 0 1 1
0 0 0 0 1 0
0 0 0 0 0 1
1 1 1 0 0 0
1 1 0 1 0 0

106
0 0 0 0 1 1
0 0 0 0 1 1
0 0 0 0 1 0
0 0 0 0 0 1
1 1 1 0 0 1
1 1 0 1 1 0

116
0 0 0 0 1 1
0 0 0 0 1 1
0 0 0 0 1 1
0 0 0 0 0 1
1 1 1 0 0 0
1 1 1 1 0 0

126
0 0 0 0 1 1
0 0 0 0 1 1
0 0 0 0 1 1
0 0 0 0 0 1
1 1 1 0 0 1
1 1 1 1 1 0

136
0 0 0 0 1 1
0 0 0 0 1 1
0 0 0 0 1 1
0 0 0 0 1 1
1 1 1 1 0 0
1 1 1 1 0 0

146
0 0 0 0 1 1
0 0 0 0 1 1
0 0 0 0 1 1
0 0 0 0 1 1
1 1 1 1 0 1
1 1 1 1 1 0

156
0 0 0 1 0 1
0 0 0 0 1 1
0 0 0 0 0 1
1 0 0 0 0 0
0 1 0 0 0 0
1 1 1 0 0 0

166
0 0 0 1 0 1
0 0 0 0 1 1
0 0 0 0 0 1
1 0 0 0 0 1
0 1 0 0 0 0
1 1 1 1 0 0

176
0 0 0 1 0 1
0 0 0 0 1 1
0 0 0 0 0 1
1 0 0 0 0 1
0 1 0 0 0 1
1 1 1 1 1 0

186
0 0 0 1 0 1
0 0 0 0 1 0
0 0 0 0 1 0
1 0 0 0 0 1
0 1 1 0 0 1
1 0 0 1 1 0

196
0 0 0 1 0 1
0 0 0 0 1 1
0 0 0 0 1 0
1 0 0 0 0 0
0 1 1 0 0 0
1 1 0 0 0 0

206
0 0 0 1 0 1
0 0 0 0 1 1
0 0 0 0 1 0
1 0 0 0 0 0
0 1 1 0 0 1
1 1 0 0 1 0

216
0 0 0 1 0 1
0 0 0 0 1 1
0 0 0 0 1 0
1 0 0 0 0 1
0 1 1 0 0 0
1 1 0 1 0 0

226
0 0 0 1 0 1
0 0 0 0 1 1
0 0 0 0 1 0
1 0 0 0 0 1
0 1 1 0 0 1
1 1 0 1 1 0

236
0 0 0 1 0 1
0 0 0 0 1 1
0 0 0 0 1 1
1 0 0 0 0 0
0 1 1 0 0 0
1 1 1 0 0 0

246
0 0 0 1 0 1
0 0 0 0 1 1
0 0 0 0 1 1
1 0 0 0 0 0
0 1 1 0 0 1
1 1 1 0 1 0

256
0 0 0 1 0 1
0 0 0 0 1 1
0 0 0 0 1 1
1 0 0 0 0 1
0 1 1 0 0 0
1 1 1 1 0 0

266
0 0 0 1 0 1
0 0 0 0 1 1
0 0 0 0 1 1
1 0 0 0 0 1
0 1 1 0 0 1
1 1 1 1 1 0

276
0 0 0 1 1 1
0 0 0 0 0 1
0 0 0 0 0 1
1 0 0 0 1 1
1 0 0 1 0 0
1 1 1 1 0 0

286
0 0 0 1 1 1
0 0 0 0 0 1
0 0 0 0 0 1
1 0 0 0 1 1
1 0 0 1 0 1
1 1 1 1 1 0

296
0 0 0 1 1 0
0 0 0 0 1 1
0 0 0 0 0 1
1 0 0 0 0 1
1 1 0 0 0 0
0 1 1 1 0 0

306
0 0 0 1 1 1
0 0 0 0 1 0
0 0 0 0 0 1
1 0 0 0 0 0
1 1 0 0 0 1
1 0 1 0 1 0

316
0 0 0 1 1 1
0 0 0 0 1 1
0 0 0 0 0 1
1 0 0 0 0 0
1 1 0 0 0 0
1 1 1 0 0 0

326
0 0 0 1 1 1
0 0 0 0 1 1
0 0 0 0 0 1
1 0 0 0 0 0
1 1 0 0 0 1
1 1 1 0 1 0

336
0 0 0 1 1 1
0 0 0 0 1 1
0 0 0 0 0 1
1 0 0 0 0 1
1 1 0 0 0 0
1 1 1 1 0 0

346
0 0 0 1 1 1
0 0 0 0 1 1
0 0 0 0 0 1
1 0 0 0 0 1
1 1 0 0 0 1
1 1 1 1 1 0

356
0 0 0 1 1 1
0 0 0 0 1 0
0 0 0 0 0 1
1 0 0 0 1 1
1 1 0 1 0 1
1 0 1 1 1 0

366
0 0 0 1 1 1
0 0 0 0 1 1
0 0 0 0 0 1
1 0 0 0 1 1
1 1 0 1 0 0
1 1 1 1 0 0

376
0 0 0 1 1 1
0 0 0 0 1 1
0 0 0 0 0 1
1 0 0 0 1 1
1 1 0 1 0 1
1 1 1 1 1 0

386
0 0 0 1 1 0
0 0 0 0 1 1
0 0 0 0 1 1
1 0 0 0 0 1
1 1 1 0 0 0
0 1 1 1 0 0

396
0 0 0 1 1 0
0 0 0 0 1 1
0 0 0 0 1 1
1 0 0 0 0 1
1 1 1 0 0 1
0 1 1 1 1 0

406
0 0 0 1 1 1
0 0 0 0 1 1
0 0 0 0 1 0
1 0 0 0 0 1
1 1 1 0 0 1
1 1 0 1 1 0

416
0 0 0 1 1 1
0 0 0 0 1 1
0 0 0 0 1 1
1 0 0 0 0 0
1 1 1 0 0 1
1 1 1 0 1 0

426
0 0 0 1 1 1
0 0 0 0 1 1
0 0 0 0 1 1
1 0 0 0 0 1
1 1 1 0 0 0
1 1 1 1 0 0

436
0 0 0 1 1 1
0 0 0 0 1 1
0 0 0 0 1 1
1 0 0 0 0 1
1 1 1 0 0 1
1 1 1 1 1 0

446
0 0 0 1 1 1
0 0 0 0 1 1
0 0 0 0 1 1
1 0 0 0 1 1
1 1 1 1 0 0
1 1 1 1 0 0

456
0 0 0 1 1 1
0 0 0 0 1 1
0 0 0 0 1 1
1 0 0 0 1 1
1 1 1 1 0 1
1 1 1 1 1 0

466
0 0 0 1 1 0
0 0 0 1 0 1
0 0 0 0 1 0
1 1 0 0 0 1
1 0 1 0 0 1
0 1 0 1 1 0

476
0 0 0 1 1 0
0 0 0 1 0 1
0 0 0 0 1 1
1 1 0 0 0 0
1 0 1 0 0 0
0 1 1 0 0 0

486
0 0 0 1 1 0
0 0 0 1 0 1
0 0 0 0 1 1
1 1 0 0 0 1
1 0 1 0 0 0
0 1 1 1 0 0

496
0 0 0 1 1 0
0 0 0 1 0 1
0 0 0 0 1 1
1 1 0 0 0 1
1 0 1 0 0 1
0 1 1 1 1 0

506
0 0 0 1 1 1
0 0 0 1 0 0
0 0 0 0 1 0
1 1 0 0 0 1
1 0 1 0 0 1
1 0 0 1 1 0

516
0 0 0 1 1 1
0 0 0 1 0 0
0 0 0 0 1 1
1 1 0 0 0 1
1 0 1 0 0 0
1 0 1 1 0 0

526
0 0 0 1 1 1
0 0 0 1 0 1
0 0 0 0 1 0
1 1 0 0 0 1
1 0 1 0 0 1
1 1 0 1 1 0

536
0 0 0 1 1 1
0 0 0 1 0 1
0 0 0 0 1 1
1 1 0 0 0 0
1 0 1 0 0 0
1 1 1 0 0 0

546
0 0 0 1 1 1
0 0 0 1 0 1
0 0 0 0 1 1
1 1 0 0 0 1
1 0 1 0 0 0
1 1 1 1 0 0

556
0 0 0 1 1 1
0 0 0 1 0 1
0 0 0 0 1 1
1 1 0 0 0 1
1 0 1 0 0 1
1 1 1 1 1 0

566
0 0 0 1 1 0
0 0 0 1 0 1
0 0 0 0 1 1
1 1 0 0 1 1
1 0 1 1 0 1
0 1 1 1 1 0

576
0 0 0 1 1 1
0 0 0 1 0 1
0 0 0 0 1 1
1 1 0 0 1 1
1 0 1 1 0 0
1 1 1 1 0 0

586
0 0 0 1 1 1
0 0 0 1 0 1
0 0 0 0 1 1
1 1 0 0 1 1
1 0 1 1 0 1
1 1 1 1 1 0

596
0 0 0 1 1 1
0 0 0 1 1 1
0 0 0 0 0 1
1 1 0 0 0 0
1 1 0 0 0 0
1 1 1 0 0 0

606
0 0 0 1 1 1
0 0 0 1 1 1
0 0 0 0 0 1
1 1 0 0 0 1
1 1 0 0 0 0
1 1 1 1 0 0

616
0 0 0 1 1 1
0 0 0 1 1 1
0 0 0 0 0 1
1 1 0 0 0 1
1 1 0 0 0 1
1 1 1 1 1 0

626
0 0 0 1 1 1
0 0 0 1 1 0
0 0 0 0 0 1
1 1 0 0 1 1
1 1 0 1 0 1
1 0 1 1 1 0

636
0 0 0 1 1 1
0 0 0 1 1 1
0 0 0 0 0 1
1 1 0 0 1 1
1 1 0 1 0 0
1 1 1 1 0 0

646
0 0 0 1 1 1
0 0 0 1 1 1
0 0 0 0 0 1
1 1 0 0 1 1
1 1 0 1 0 1
1 1 1 1 1 0

656
0 0 0 1 1 1
0 0 0 1 1 1
0 0 0 0 1 0
1 1 0 0 0 1
1 1 1 0 0 0
1 1 0 1 0 0

666
0 0 0 1 1 1
0 0 0 1 1 1
0 0 0 0 1 1
1 1 0 0 0 0
1 1 1 0 0 0
1 1 1 0 0 0

676
0 0 0 1 1 1
0 0 0 1 1 1
0 0 0 0 1 1
1 1 0 0 0 0
1 1 1 0 0 1
1 1 1 0 1 0

686
0 0 0 1 1 1
0 0 0 1 1 1
0 0 0 0 1 1
1 1 0 0 0 1
1 1 1 0 0 0
1 1 1 1 0 0

696
0 0 0 1 1 1
0 0 0 1 1 1
0 0 0 0 1 1
1 1 0 0 0 1
1 1 1 0 0 1
1 1 1 1 1 0

706
0 0 0 1 1 1
0 0 0 1 1 1
0 0 0 0 1 1
1 1 0 0 1 1
1 1 1 1 0 1
1 1 1 1 1 0

716
0 0 0 1 1 1
0 0 0 1 1 1
0 0 0 1 1 0
1 1 1 0 0 1
1 1 1 0 0 1
1 1 0 1 1 0

726
0 0 0 1 1 1
0 0 0 1 1 1
0 0 0 1 1 1
1 1 1 0 0 0
1 1 1 0 0 0
1 1 1 0 0 0

736
0 0 0 1 1 1
0 0 0 1 1 1
0 0 0 1 1 1
1 1 1 0 0 1
1 1 1 0 0 0
1 1 1 1 0 0

746
0 0 0 1 1 1
0 0 0 1 1 1
0 0 0 1 1 1
1 1 1 0 0 1
1 1 1 0 0 1
1 1 1 1 1 0

756
0 0 0 1 1 1
0 0 0 1 1 1
0 0 0 1 1 1
1 1 1 0 1 1
1 1 1 1 0 1
1 1 1 1 1 0

766
0 0 1 0 1 1
0 0 0 1 0 1
1 0 0 0 1 0
0 1 0 0 0 1
1 0 1 0 0 0
1 1 0 1 0 0

776
0 0 1 0 1 1
0 0 0 1 0 1
1 0 0 0 1 1
0 1 0 0 0 0
1 0 1 0 0 0
1 1 1 0 0 0

786
0 0 1 0 1 1
0 0 0 1 0 1
1 0 0 0 1 1
0 1 0 0 0 0
1 0 1 0 0 1
1 1 1 0 1 0

796
0 0 1 0 1 1
0 0 0 1 0 1
1 0 0 0 1 1
0 1 0 0 0 1
1 0 1 0 0 0
1 1 1 1 0 0

806
0 0 1 0 1 1
0 0 0 1 0 1
1 0 0 0 1 1
0 1 0 0 0 1
1 0 1 0 0 1
1 1 1 1 1 0

816
0 0 1 0 1 1
0 0 0 1 1 0
1 0 0 0 1 1
0 1 0 0 0 1
1 1 1 0 0 1
1 0 1 1 1 0

826
0 0 1 0 1 1
0 0 0 1 1 1
1 0 0 0 1 0
0 1 0 0 0 1
1 1 1 0 0 0
1 1 0 1 0 0

836
0 0 1 0 1 1
0 0 0 1 1 1
1 0 0 0 1 0
0 1 0 0 0 1
1 1 1 0 0 1
1 1 0 1 1 0

846
0 0 1 0 1 1
0 0 0 1 1 1
1 0 0 0 1 1
0 1 0 0 0 0
1 1 1 0 0 1
1 1 1 0 1 0

856
0 0 1 0 1 1
0 0 0 1 1 1
1 0 0 0 1 1
0 1 0 0 0 1
1 1 1 0 0 0
1 1 1 1 0 0

866
0 0 1 0 1 1
0 0 0 1 1 1
1 0 0 0 1 1
0 1 0 0 0 1
1 1 1 0 0 1
1 1 1 1 1 0

876
0 0 1 0 1 1
0 0 0 1 1 1
1 0 0 0 1 1
0 1 0 0 1 1
1 1 1 1 0 0
1 1 1 1 0 0

886
0 0 1 0 1 1
0 0 0 1 1 1
1 0 0 0 1 1
0 1 0 0 1 1
1 1 1 1 0 1
1 1 1 1 1 0

896
0 0 1 1 1 1
0 0 0 0 0 1
1 0 0 1 1 1
1 0 1 0 1 1
1 0 1 1 0 0
1 1 1 1 0 0

906
0 0 1 1 1 1
0 0 0 0 0 1
1 0 0 1 1 1
1 0 1 0 1 1
1 0 1 1 0 1
1 1 1 1 1 0

916
0 0 1 1 1 1
0 0 0 0 1 1
1 0 0 1 1 1
1 0 1 0 0 0
1 1 1 0 0 1
1 1 1 0 1 0

926
0 0 1 1 1 1
0 0 0 0 1 1
1 0 0 1 1 1
1 0 1 0 0 1
1 1 1 0 0 0
1 1 1 1 0 0

936
0 0 1 1 1 1
0 0 0 0 1 1
1 0 0 1 1 1
1 0 1 0 0 1
1 1 1 0 0 1
1 1 1 1 1 0

946
0 0 1 1 1 1
0 0 0 0 1 1
1 0 0 1 1 1
1 0 1 0 1 1
1 1 1 1 0 1
1 1 1 1 1 0

956
0 0 1 1 0 1
0 0 0 1 1 1
1 0 0 0 1 0
1 1 0 0 0 1
0 1 1 0 0 0
1 1 0 1 0 0

966
0 0 1 1 0 1
0 0 0 1 1 1
1 0 0 0 1 1
1 1 0 0 0 0
0 1 1 0 0 0
1 1 1 0 0 0

976
0 0 1 1 0 1
0 0 0 1 1 1
1 0 0 0 1 1
1 1 0 0 0 1
0 1 1 0 0 0
1 1 1 1 0 0

986
0 0 1 1 0 1
0 0 0 1 1 1
1 0 0 0 1 1
1 1 0 0 0 1
0 1 1 0 0 1
1 1 1 1 1 0

996
0 0 1 1 1 0
0 0 0 1 1 1
1 0 0 0 1 1
1 1 0 0 0 1
1 1 1 0 0 0
0 1 1 1 0 0

1006
0 0 1 1 1 1
0 0 0 1 1 1
1 0 0 0 1 0
1 1 0 0 0 1
1 1 1 0 0 1
1 1 0 1 1 0

1016
0 0 1 1 1 1
0 0 0 1 1 1
1 0 0 0 1 1
1 1 0 0 0 1
1 1 1 0 0 0
1 1 1 1 0 0

1026
0 0 1 1 1 1
0 0 0 1 1 1
1 0 0 0 1 1
1 1 0 0 0 1
1 1 1 0 0 1
1 1 1 1 1 0

1036
0 0 1 1 1 1
0 0 0 1 1 1
1 0 0 0 1 1
1 1 0 0 1 1
1 1 1 1 0 1
1 1 1 1 1 0

1046
0 0 1 1 1 1
0 0 0 1 1 1
1 0 0 1 1 1
1 1 1 0 1 1
1 1 1 1 0 1
1 1 1 1 1 0

1056
0 0 1 1 1 1
0 0 1 1 1 0
1 1 0 0 1 1
1 1 0 0 0 1
1 1 1 0 0 1
1 0 1 1 1 0

1066
0 0 1 1 1 1
0 0 1 1 1 1
1 1 0 0 1 1
1 1 0 0 0 0
1 1 1 0 0 1
1 1 1 0 1 0

1076
0 0 1 1 1 1
0 0 1 1 1 1
1 1 0 0 1 1
1 1 0 0 0 1
1 1 1 0 0 0
1 1 1 1 0 0

1086
0 0 1 1 1 1
0 0 1 1 1 1
1 1 0 0 1 1
1 1 0 0 0 1
1 1 1 0 0 1
1 1 1 1 1 0

1096
0 0 1 1 1 1
0 0 1 1 1 1
1 1 0 0 1 1
1 1 0 0 1 1
1 1 1 1 0 0
1 1 1 1 0 0

1106
0 0 1 1 1 1
0 0 1 1 1 1
1 1 0 0 1 1
1 1 0 0 1 1
1 1 1 1 0 1
1 1 1 1 1 0

1116
0 0 1 1 1 1
0 0 1 1 1 1
1 1 0 1 1 1
1 1 1 0 1 1
1 1 1 1 0 1
1 1 1 1 1 0

1126
0 1 1 1 1 1
1 0 1 1 1 1
1 1 0 1 1 1
1 1 1 0 1 1
1 1 1 1 0 1
1 1 1 1 1 0