7 853 

17
0 0 0 0 0 0 1
0 0 0 0 0 0 1
0 0 0 0 0 0 1
0 0 0 0 0 0 1
0 0 0 0 0 0 1
0 0 0 0 0 0 1
1 1 1 1 1 1 0

27
0 0 0 0 0 1 1
0 0 0 0 0 0 1
0 0 0 0 0 0 1
0 0 0 0 0 0 1
0 0 0 0 0 0 1
1 0 0 0 0 0 0
1 1 1 1 1 0 0

37
0 0 0 0 0 1 1
0 0 0 0 0 0 1
0 0 0 0 0 0 1
0 0 0 0 0 0 1
0 0 0 0 0 0 1
1 0 0 0 0 0 1
1 1 1 1 1 1 0

47
0 0 0 0 0 1 0
0 0 0 0 0 1 0
0 0 0 0 0 0 1
0 0 0 0 0 0 1
0 0 0 0 0 0 1
1 1 0 0 0 0 1
0 0 1 1 1 1 0

57
0 0 0 0 0 1 1
0 0 0 0 0 1 0
0 0 0 0 0 0 1
0 0 0 0 0 0 1
0 0 0 0 0 0 1
1 1 0 0 0 0 0
1 0 1 1 1 0 0

67
0 0 0 0 0 1 1
0 0 0 0 0 1 0
0 0 0 0 0 0 1
0 0 0 0 0 0 1
0 0 0 0 0 0 1
1 1 0 0 0 0 1
1 0 1 1 1 1 0

77
0 0 0 0 0 1 1
0 0 0 0 0 1 1
0 0 0 0 0 0 1
0 0 0 0 0 0 1
0 0 0 0 0 0 1
1 1 0 0 0 0 0
1 1 1 1 1 0 0

87
0 0 0 0 0 1 1
0 0 0 0 0 1 1
0 0 0 0 0 0 1
0 0 0 0 0 0 1
0 0 0 0 0 0 1
1 1 0 0 0 0 1
1 1 1 1 1 1 0

97
0 0 0 0 0 1 1
0 0 0 0 0 1 0
0 0 0 0 0 1 0
0 0 0 0 0 0 1
0 0 0 0 0 0 1
1 1 1 0 0 0 0
1 0 0 1 1 0 0

107
0 0 0 0 0 1 1
0 0 0 0 0 1 0
0 0 0 0 0 1 0
0 0 0 0 0 0 1
0 0 0 0 0 0 1
1 1 1 0 0 0 1
1 0 0 1 1 1 0

117
0 0 0 0 0 1 1
0 0 0 0 0 1 1
0 0 0 0 0 1 0
0 0 0 0 0 0 1
0 0 0 0 0 0 1
1 1 1 0 0 0 0
1 1 0 1 1 0 0

127
0 0 0 0 0 1 1
0 0 0 0 0 1 1
0 0 0 0 0 1 0
0 0 0 0 0 0 1
0 0 0 0 0 0 1
1 1 1 0 0 0 1
1 1 0 1 1 1 0

137
0 0 0 0 0 1 1
0 0 0 0 0 1 1
0 0 0 0 0 1 1
0 0 0 0 0 0 1
0 0 0 0 0 0 1
1 1 1 0 0 0 0
1 1 1 1 1 0 0

147
0 0 0 0 0 1 1
0 0 0 0 0 1 1
0 0 0 0 0 1 1
0 0 0 0 0 0 1
0 0 0 0 0 0 1
1 1 1 0 0 0 1
1 1 1 1 1 1 0

157
0 0 0 0 0 1 1
0 0 0 0 0 1 1
0 0 0 0 0 1 1
0 0 0 0 0 1 0
0 0 0 0 0 0 1
1 1 1 1 0 0 0
1 1 1 0 1 0 0

167
0 0 0 0 0 1 1
0 0 0 0 0 1 1
0 0 0 0 0 1 1
0 0 0 0 0 1 0
0 0 0 0 0 0 1
1 1 1 1 0 0 1
1 1 1 0 1 1 0

177
0 0 0 0 0 1 1
0 0 0 0 0 1 1
0 0 0 0 0 1 1
0 0 0 0 0 1 1
0 0 0 0 0 0 1
1 1 1 1 0 0 0
1 1 1 1 1 0 0

187
0 0 0 0 0 1 1
0 0 0 0 0 1 1
0 0 0 0 0 1 1
0 0 0 0 0 1 1
0 0 0 0 0 0 1
1 1 1 1 0 0 1
1 1 1 1 1 1 0

197
0 0 0 0 0 1 1
0 0 0 0 0 1 1
0 0 0 0 0 1 1
0 0 0 0 0 1 1
0 0 0 0 0 1 1
1 1 1 1 1 0 0
1 1 1 1 1 0 0

207
0 0 0 0 0 1 1
0 0 0 0 0 1 1
0 0 0 0 0 1 1
0 0 0 0 0 1 1
0 0 0 0 0 1 1
1 1 1 1 1 0 1
1 1 1 1 1 1 0

217
0 0 0 0 1 0 1
0 0 0 0 0 1 1
0 0 0 0 0 0 1
0 0 0 0 0 0 1
1 0 0 0 0 0 0
0 1 0 0 0 0 0
1 1 1 1 0 0 0

227
0 0 0 0 1 0 1
0 0 0 0 0 1 1
0 0 0 0 0 0 1
0 0 0 0 0 0 1
1 0 0 0 0 0 1
0 1 0 0 0 0 0
1 1 1 1 1 0 0

237
0 0 0 0 1 0 1
0 0 0 0 0 1 1
0 0 0 0 0 0 1
0 0 0 0 0 0 1
1 0 0 0 0 0 1
0 1 0 0 0 0 1
1 1 1 1 1 1 0

247
0 0 0 0 1 0 1
0 0 0 0 0 1 0
0 0 0 0 0 1 0
0 0 0 0 0 0 1
1 0 0 0 0 0 0
0 1 1 0 0 0 1
1 0 0 1 0 1 0

257
0 0 0 0 1 0 1
0 0 0 0 0 1 0
0 0 0 0 0 1 0
0 0 0 0 0 0 1
1 0 0 0 0 0 1
0 1 1 0 0 0 1
1 0 0 1 1 1 0

267
0 0 0 0 1 0 1
0 0 0 0 0 1 1
0 0 0 0 0 1 0
0 0 0 0 0 0 1
1 0 0 0 0 0 0
0 1 1 0 0 0 0
1 1 0 1 0 0 0

277
0 0 0 0 1 0 1
0 0 0 0 0 1 1
0 0 0 0 0 1 0
0 0 0 0 0 0 1
1 0 0 0 0 0 0
0 1 1 0 0 0 1
1 1 0 1 0 1 0

287
0 0 0 0 1 0 1
0 0 0 0 0 1 1
0 0 0 0 0 1 0
0 0 0 0 0 0 1
1 0 0 0 0 0 1
0 1 1 0 0 0 0
1 1 0 1 1 0 0

297
0 0 0 0 1 0 1
0 0 0 0 0 1 1
0 0 0 0 0 1 0
0 0 0 0 0 0 1
1 0 0 0 0 0 1
0 1 1 0 0 0 1
1 1 0 1 1 1 0

307
0 0 0 0 1 0 1
0 0 0 0 0 1 1
0 0 0 0 0 1 1
0 0 0 0 0 0 1
1 0 0 0 0 0 0
0 1 1 0 0 0 0
1 1 1 1 0 0 0

317
0 0 0 0 1 0 1
0 0 0 0 0 1 1
0 0 0 0 0 1 1
0 0 0 0 0 0 1
1 0 0 0 0 0 0
0 1 1 0 0 0 1
1 1 1 1 0 1 0

327
0 0 0 0 1 0 1
0 0 0 0 0 1 1
0 0 0 0 0 1 1
0 0 0 0 0 0 1
1 0 0 0 0 0 1
0 1 1 0 0 0 0
1 1 1 1 1 0 0

337
0 0 0 0 1 0 1
0 0 0 0 0 1 1
0 0 0 0 0 1 1
0 0 0 0 0 0 1
1 0 0 0 0 0 1
0 1 1 0 0 0 1
1 1 1 1 1 1 0

347
0 0 0 0 1 0 1
0 0 0 0 0 1 1
0 0 0 0 0 1 0
0 0 0 0 0 1 0
1 0 0 0 0 0 1
0 1 1 1 0 0 0
1 1 0 0 1 0 0

357
0 0 0 0 1 0 1
0 0 0 0 0 1 1
0 0 0 0 0 1 0
0 0 0 0 0 1 0
1 0 0 0 0 0 1
0 1 1 1 0 0 1
1 1 0 0 1 1 0

367
0 0 0 0 1 0 1
0 0 0 0 0 1 1
0 0 0 0 0 1 1
0 0 0 0 0 1 0
1 0 0 0 0 0 0
0 1 1 1 0 0 0
1 1 1 0 0 0 0

377
0 0 0 0 1 0 1
0 0 0 0 0 1 1
0 0 0 0 0 1 1
0 0 0 0 0 1 0
1 0 0 0 0 0 0
0 1 1 1 0 0 1
1 1 1 0 0 1 0

387
0 0 0 0 1 0 1
0 0 0 0 0 1 1
0 0 0 0 0 1 1
0 0 0 0 0 1 0
1 0 0 0 0 0 1
0 1 1 1 0 0 0
1 1 1 0 1 0 0

397
0 0 0 0 1 0 1
0 0 0 0 0 1 1
0 0 0 0 0 1 1
0 0 0 0 0 1 0
1 0 0 0 0 0 1
0 1 1 1 0 0 1
1 1 1 0 1 1 0

407
0 0 0 0 1 0 1
0 0 0 0 0 1 1
0 0 0 0 0 1 1
0 0 0 0 0 1 1
1 0 0 0 0 0 0
0 1 1 1 0 0 0
1 1 1 1 0 0 0

417
0 0 0 0 1 0 1
0 0 0 0 0 1 1
0 0 0 0 0 1 1
0 0 0 0 0 1 1
1 0 0 0 0 0 0
0 1 1 1 0 0 1
1 1 1 1 0 1 0

427
0 0 0 0 1 0 1
0 0 0 0 0 1 1
0 0 0 0 0 1 1
0 0 0 0 0 1 1
1 0 0 0 0 0 1
0 1 1 1 0 0 0
1 1 1 1 1 0 0

437
0 0 0 0 1 0 1
0 0 0 0 0 1 1
0 0 0 0 0 1 1
0 0 0 0 0 1 1
1 0 0 0 0 0 1
0 1 1 1 0 0 1
1 1 1 1 1 1 0

447
0 0 0 0 1 1 1
0 0 0 0 0 0 1
0 0 0 0 0 0 1
0 0 0 0 0 0 1
1 0 0 0 0 1 0
1 0 0 0 1 0 0
1 1 1 1 0 0 0

457
0 0 0 0 1 1 1
0 0 0 0 0 0 1
0 0 0 0 0 0 1
0 0 0 0 0 0 1
1 0 0 0 0 1 1
1 0 0 0 1 0 0
1 1 1 1 1 0 0

467
0 0 0 0 1 1 1
0 0 0 0 0 0 1
0 0 0 0 0 0 1
0 0 0 0 0 0 1
1 0 0 0 0 1 1
1 0 0 0 1 0 1
1 1 1 1 1 1 0

477
0 0 0 0 1 1 0
0 0 0 0 0 1 1
0 0 0 0 0 0 1
0 0 0 0 0 0 1
1 0 0 0 0 0 0
1 1 0 0 0 0 0
0 1 1 1 0 0 0

487
0 0 0 0 1 1 0
0 0 0 0 0 1 1
0 0 0 0 0 0 1
0 0 0 0 0 0 1
1 0 0 0 0 0 1
1 1 0 0 0 0 0
0 1 1 1 1 0 0

497
0 0 0 0 1 1 1
0 0 0 0 0 1 0
0 0 0 0 0 0 1
0 0 0 0 0 0 1
1 0 0 0 0 0 0
1 1 0 0 0 0 1
1 0 1 1 0 1 0

507
0 0 0 0 1 1 1
0 0 0 0 0 1 0
0 0 0 0 0 0 1
0 0 0 0 0 0 1
1 0 0 0 0 0 1
1 1 0 0 0 0 0
1 0 1 1 1 0 0

517
0 0 0 0 1 1 1
0 0 0 0 0 1 1
0 0 0 0 0 0 1
0 0 0 0 0 0 1
1 0 0 0 0 0 0
1 1 0 0 0 0 0
1 1 1 1 0 0 0

527
0 0 0 0 1 1 1
0 0 0 0 0 1 1
0 0 0 0 0 0 1
0 0 0 0 0 0 1
1 0 0 0 0 0 0
1 1 0 0 0 0 1
1 1 1 1 0 1 0

537
0 0 0 0 1 1 1
0 0 0 0 0 1 1
0 0 0 0 0 0 1
0 0 0 0 0 0 1
1 0 0 0 0 0 1
1 1 0 0 0 0 0
1 1 1 1 1 0 0

547
0 0 0 0 1 1 1
0 0 0 0 0 1 1
0 0 0 0 0 0 1
0 0 0 0 0 0 1
1 0 0 0 0 0 1
1 1 0 0 0 0 1
1 1 1 1 1 1 0

557
0 0 0 0 1 1 1
0 0 0 0 0 1 0
0 0 0 0 0 0 1
0 0 0 0 0 0 1
1 0 0 0 0 1 1
1 1 0 0 1 0 0
1 0 1 1 1 0 0

567
0 0 0 0 1 1 1
0 0 0 0 0 1 0
0 0 0 0 0 0 1
0 0 0 0 0 0 1
1 0 0 0 0 1 1
1 1 0 0 1 0 1
1 0 1 1 1 1 0

577
0 0 0 0 1 1 1
0 0 0 0 0 1 1
0 0 0 0 0 0 1
0 0 0 0 0 0 1
1 0 0 0 0 1 0
1 1 0 0 1 0 0
1 1 1 1 0 0 0

587
0 0 0 0 1 1 1
0 0 0 0 0 1 1
0 0 0 0 0 0 1
0 0 0 0 0 0 1
1 0 0 0 0 1 0
1 1 0 0 1 0 1
1 1 1 1 0 1 0

597
0 0 0 0 1 1 1
0 0 0 0 0 1 1
0 0 0 0 0 0 1
0 0 0 0 0 0 1
1 0 0 0 0 1 1
1 1 0 0 1 0 0
1 1 1 1 1 0 0

607
0 0 0 0 1 1 1
0 0 0 0 0 1 1
0 0 0 0 0 0 1
0 0 0 0 0 0 1
1 0 0 0 0 1 1
1 1 0 0 1 0 1
1 1 1 1 1 1 0

617
0 0 0 0 1 1 0
0 0 0 0 0 1 1
0 0 0 0 0 1 0
0 0 0 0 0 0 1
1 0 0 0 0 0 1
1 1 1 0 0 0 0
0 1 0 1 1 0 0

627
0 0 0 0 1 1 0
0 0 0 0 0 1 1
0 0 0 0 0 1 0
0 0 0 0 0 0 1
1 0 0 0 0 0 1
1 1 1 0 0 0 1
0 1 0 1 1 1 0

637
0 0 0 0 1 1 0
0 0 0 0 0 1 1
0 0 0 0 0 1 1
0 0 0 0 0 0 1
1 0 0 0 0 0 1
1 1 1 0 0 0 0
0 1 1 1 1 0 0

647
0 0 0 0 1 1 0
0 0 0 0 0 1 1
0 0 0 0 0 1 1
0 0 0 0 0 0 1
1 0 0 0 0 0 1
1 1 1 0 0 0 1
0 1 1 1 1 1 0

657
0 0 0 0 1 1 1
0 0 0 0 0 1 0
0 0 0 0 0 1 0
0 0 0 0 0 0 1
1 0 0 0 0 0 1
1 1 1 0 0 0 1
1 0 0 1 1 1 0

667
0 0 0 0 1 1 1
0 0 0 0 0 1 1
0 0 0 0 0 1 0
0 0 0 0 0 0 1
1 0 0 0 0 0 0
1 1 1 0 0 0 1
1 1 0 1 0 1 0

677
0 0 0 0 1 1 1
0 0 0 0 0 1 1
0 0 0 0 0 1 0
0 0 0 0 0 0 1
1 0 0 0 0 0 1
1 1 1 0 0 0 0
1 1 0 1 1 0 0

687
0 0 0 0 1 1 1
0 0 0 0 0 1 1
0 0 0 0 0 1 0
0 0 0 0 0 0 1
1 0 0 0 0 0 1
1 1 1 0 0 0 1
1 1 0 1 1 1 0

697
0 0 0 0 1 1 1
0 0 0 0 0 1 1
0 0 0 0 0 1 1
0 0 0 0 0 0 1
1 0 0 0 0 0 0
1 1 1 0 0 0 0
1 1 1 1 0 0 0

707
0 0 0 0 1 1 1
0 0 0 0 0 1 1
0 0 0 0 0 1 1
0 0 0 0 0 0 1
1 0 0 0 0 0 0
1 1 1 0 0 0 1
1 1 1 1 0 1 0

717
0 0 0 0 1 1 1
0 0 0 0 0 1 1
0 0 0 0 0 1 1
0 0 0 0 0 0 1
1 0 0 0 0 0 1
1 1 1 0 0 0 0
1 1 1 1 1 0 0

727
0 0 0 0 1 1 1
0 0 0 0 0 1 1
0 0 0 0 0 1 1
0 0 0 0 0 0 1
1 0 0 0 0 0 1
1 1 1 0 0 0 1
1 1 1 1 1 1 0

737
0 0 0 0 1 1 1
0 0 0 0 0 1 1
0 0 0 0 0 1 0
0 0 0 0 0 0 1
1 0 0 0 0 1 1
1 1 1 0 1 0 0
1 1 0 1 1 0 0

747
0 0 0 0 1 1 1
0 0 0 0 0 1 1
0 0 0 0 0 1 0
0 0 0 0 0 0 1
1 0 0 0 0 1 1
1 1 1 0 1 0 1
1 1 0 1 1 1 0

757
0 0 0 0 1 1 1
0 0 0 0 0 1 1
0 0 0 0 0 1 1
0 0 0 0 0 0 1
1 0 0 0 0 1 1
1 1 1 0 1 0 0
1 1 1 1 1 0 0

767
0 0 0 0 1 1 1
0 0 0 0 0 1 1
0 0 0 0 0 1 1
0 0 0 0 0 0 1
1 0 0 0 0 1 1
1 1 1 0 1 0 1
1 1 1 1 1 1 0

777
0 0 0 0 1 1 0
0 0 0 0 0 1 1
0 0 0 0 0 1 1
0 0 0 0 0 1 1
1 0 0 0 0 0 1
1 1 1 1 0 0 0
0 1 1 1 1 0 0

787
0 0 0 0 1 1 0
0 0 0 0 0 1 1
0 0 0 0 0 1 1
0 0 0 0 0 1 1
1 0 0 0 0 0 1
1 1 1 1 0 0 1
0 1 1 1 1 1 0

797
0 0 0 0 1 1 1
0 0 0 0 0 1 1
0 0 0 0 0 1 1
0 0 0 0 0 1 0
1 0 0 0 0 0 1
1 1 1 1 0 0 0
1 1 1 0 1 0 0

807
0 0 0 0 1 1 1
0 0 0 0 0 1 1
0 0 0 0 0 1 1
0 0 0 0 0 1 0
1 0 0 0 0 0 1
1 1 1 1 0 0 1
1 1 1 0 1 1 0

817
0 0 0 0 1 1 1
0 0 0 0 0 1 1
0 0 0 0 0 1 1
0 0 0 0 0 1 1
1 0 0 0 0 0 0
1 1 1 1 0 0 0
1 1 1 1 0 0 0

827
0 0 0 0 1 1 1
0 0 0 0 0 1 1
0 0 0 0 0 1 1
0 0 0 0 0 1 1
1 0 0 0 0 0 0
1 1 1 1 0 0 1
1 1 1 1 0 1 0

837
0 0 0 0 1 1 1
0 0 0 0 0 1 1
0 0 0 0 0 1 1
0 0 0 0 0 1 1
1 0 0 0 0 0 1
1 1 1 1 0 0 0
1 1 1 1 1 0 0

847
0 0 0 0 1 1 1
0 0 0 0 0 1 1
0 0 0 0 0 1 1
0 0 0 0 0 1 1
1 0 0 0 0 0 1
1 1 1 1 0 0 1
1 1 1 1 1 1 0

857
0 0 0 0 1 1 1
0 0 0 0 0 1 1
0 0 0 0 0 1 1
0 0 0 0 0 1 1
1 0 0 0 0 1 1
1 1 1 1 1 0 0
1 1 1 1 1 0 0

867
0 0 0 0 1 1 1
0 0 0 0 0 1 1
0 0 0 0 0 1 1
0 0 0 0 0 1 1
1 0 0 0 0 1 1
1 1 1 1 1 0 1
1 1 1 1 1 1 0

877
0 0 0 0 1 0 0
0 0 0 0 1 0 0
0 0 0 0 0 1 1
0 0 0 0 0 1 1
1 1 0 0 0 0 1
0 0 1 1 0 0 0
0 0 1 1 1 0 0

887
0 0 0 0 1 0 1
0 0 0 0 1 0 0
0 0 0 0 0 1 0
0 0 0 0 0 1 0
1 1 0 0 0 0 1
0 0 1 1 0 0 1
1 0 0 0 1 1 0

897
0 0 0 0 1 0 1
0 0 0 0 1 0 0
0 0 0 0 0 1 1
0 0 0 0 0 1 0
1 1 0 0 0 0 1
0 0 1 1 0 0 0
1 0 1 0 1 0 0

907
0 0 0 0 1 0 1
0 0 0 0 1 0 0
0 0 0 0 0 1 1
0 0 0 0 0 1 0
1 1 0 0 0 0 1
0 0 1 1 0 0 1
1 0 1 0 1 1 0

917
0 0 0 0 1 0 1
0 0 0 0 1 0 0
0 0 0 0 0 1 1
0 0 0 0 0 1 1
1 1 0 0 0 0 1
0 0 1 1 0 0 0
1 0 1 1 1 0 0

927
0 0 0 0 1 0 1
0 0 0 0 1 0 1
0 0 0 0 0 1 0
0 0 0 0 0 1 0
1 1 0 0 0 0 1
0 0 1 1 0 0 1
1 1 0 0 1 1 0

937
0 0 0 0 1 0 1
0 0 0 0 1 0 1
0 0 0 0 0 1 1
0 0 0 0 0 1 0
1 1 0 0 0 0 0
0 0 1 1 0 0 0
1 1 1 0 0 0 0

947
0 0 0 0 1 0 1
0 0 0 0 1 0 1
0 0 0 0 0 1 1
0 0 0 0 0 1 0
1 1 0 0 0 0 1
0 0 1 1 0 0 0
1 1 1 0 1 0 0

957
0 0 0 0 1 0 1
0 0 0 0 1 0 1
0 0 0 0 0 1 1
0 0 0 0 0 1 0
1 1 0 0 0 0 1
0 0 1 1 0 0 1
1 1 1 0 1 1 0

967
0 0 0 0 1 0 1
0 0 0 0 1 0 1
0 0 0 0 0 1 1
0 0 0 0 0 1 1
1 1 0 0 0 0 0
0 0 1 1 0 0 0
1 1 1 1 0 0 0

977
0 0 0 0 1 0 1
0 0 0 0 1 0 1
0 0 0 0 0 1 1
0 0 0 0 0 1 1
1 1 0 0 0 0 1
0 0 1 1 0 0 0
1 1 1 1 1 0 0

987
0 0 0 0 1 0 1
0 0 0 0 1 0 1
0 0 0 0 0 1 1
0 0 0 0 0 1 1
1 1 0 0 0 0 1
0 0 1 1 0 0 1
1 1 1 1 1 1 0

997
0 0 0 0 1 0 1
0 0 0 0 1 0 0
0 0 0 0 0 1 1
0 0 0 0 0 1 0
1 1 0 0 0 1 1
0 0 1 1 1 0 1
1 0 1 0 1 1 0

1007
0 0 0 0 1 0 1
0 0 0 0 1 0 0
0 0 0 0 0 1 1
0 0 0 0 0 1 1
1 1 0 0 0 1 1
0 0 1 1 1 0 0
1 0 1 1 1 0 0

1017
0 0 0 0 1 0 1
0 0 0 0 1 0 1
0 0 0 0 0 1 0
0 0 0 0 0 1 0
1 1 0 0 0 1 1
0 0 1 1 1 0 1
1 1 0 0 1 1 0

1027
0 0 0 0 1 0 1
0 0 0 0 1 0 1
0 0 0 0 0 1 1
0 0 0 0 0 1 0
1 1 0 0 0 1 1
0 0 1 1 1 0 0
1 1 1 0 1 0 0

1037
0 0 0 0 1 0 1
0 0 0 0 1 0 1
0 0 0 0 0 1 1
0 0 0 0 0 1 0
1 1 0 0 0 1 1
0 0 1 1 1 0 1
1 1 1 0 1 1 0

1047
0 0 0 0 1 0 1
0 0 0 0 1 0 1
0 0 0 0 0 1 1
0 0 0 0 0 1 1
1 1 0 0 0 1 0
0 0 1 1 1 0 0
1 1 1 1 0 0 0

1057
0 0 0 0 1 0 1
0 0 0 0 1 0 1
0 0 0 0 0 1 1
0 0 0 0 0 1 1
1 1 0 0 0 1 1
0 0 1 1 1 0 0
1 1 1 1 1 0 0

1067
0 0 0 0 1 0 1
0 0 0 0 1 0 1
0 0 0 0 0 1 1
0 0 0 0 0 1 1
1 1 0 0 0 1 1
0 0 1 1 1 0 1
1 1 1 1 1 1 0

1077
0 0 0 0 1 1 0
0 0 0 0 1 0 0
0 0 0 0 0 1 0
0 0 0 0 0 0 1
1 1 0 0 0 0 1
1 0 1 0 0 0 1
0 0 0 1 1 1 0

1087
0 0 0 0 1 1 0
0 0 0 0 1 0 0
0 0 0 0 0 1 1
0 0 0 0 0 0 1
1 1 0 0 0 0 1
1 0 1 0 0 0 0
0 0 1 1 1 0 0

1097
0 0 0 0 1 1 0
0 0 0 0 1 0 1
0 0 0 0 0 1 0
0 0 0 0 0 0 1
1 1 0 0 0 0 1
1 0 1 0 0 0 1
0 1 0 1 1 1 0

1107
0 0 0 0 1 1 0
0 0 0 0 1 0 1
0 0 0 0 0 1 1
0 0 0 0 0 0 1
1 1 0 0 0 0 0
1 0 1 0 0 0 0
0 1 1 1 0 0 0

1117
0 0 0 0 1 1 0
0 0 0 0 1 0 1
0 0 0 0 0 1 1
0 0 0 0 0 0 1
1 1 0 0 0 0 1
1 0 1 0 0 0 0
0 1 1 1 1 0 0

1127
0 0 0 0 1 1 0
0 0 0 0 1 0 1
0 0 0 0 0 1 1
0 0 0 0 0 0 1
1 1 0 0 0 0 1
1 0 1 0 0 0 1
0 1 1 1 1 1 0

1137
0 0 0 0 1 1 1
0 0 0 0 1 0 0
0 0 0 0 0 1 0
0 0 0 0 0 0 1
1 1 0 0 0 0 1
1 0 1 0 0 0 1
1 0 0 1 1 1 0

1147
0 0 0 0 1 1 1
0 0 0 0 1 0 0
0 0 0 0 0 1 1
0 0 0 0 0 0 1
1 1 0 0 0 0 1
1 0 1 0 0 0 0
1 0 1 1 1 0 0

1157
0 0 0 0 1 1 1
0 0 0 0 1 0 1
0 0 0 0 0 1 0
0 0 0 0 0 0 1
1 1 0 0 0 0 1
1 0 1 0 0 0 0
1 1 0 1 1 0 0

1167
0 0 0 0 1 1 1
0 0 0 0 1 0 1
0 0 0 0 0 1 0
0 0 0 0 0 0 1
1 1 0 0 0 0 1
1 0 1 0 0 0 1
1 1 0 1 1 1 0

1177
0 0 0 0 1 1 1
0 0 0 0 1 0 1
0 0 0 0 0 1 1
0 0 0 0 0 0 1
1 1 0 0 0 0 0
1 0 1 0 0 0 0
1 1 1 1 0 0 0

1187
0 0 0 0 1 1 1
0 0 0 0 1 0 1
0 0 0 0 0 1 1
0 0 0 0 0 0 1
1 1 0 0 0 0 1
1 0 1 0 0 0 0
1 1 1 1 1 0 0

1197
0 0 0 0 1 1 1
0 0 0 0 1 0 1
0 0 0 0 0 1 1
0 0 0 0 0 0 1
1 1 0 0 0 0 1
1 0 1 0 0 0 1
1 1 1 1 1 1 0

1207
0 0 0 0 1 1 0
0 0 0 0 1 0 1
0 0 0 0 0 1 1
0 0 0 0 0 0 1
1 1 0 0 0 1 1
1 0 1 0 1 0 0
0 1 1 1 1 0 0

1217
0 0 0 0 1 1 0
0 0 0 0 1 0 1
0 0 0 0 0 1 1
0 0 0 0 0 0 1
1 1 0 0 0 1 1
1 0 1 0 1 0 1
0 1 1 1 1 1 0

1227
0 0 0 0 1 1 1
0 0 0 0 1 0 0
0 0 0 0 0 1 0
0 0 0 0 0 0 1
1 1 0 0 0 1 1
1 0 1 0 1 0 1
1 0 0 1 1 1 0

1237
0 0 0 0 1 1 1
0 0 0 0 1 0 0
0 0 0 0 0 1 1
0 0 0 0 0 0 1
1 1 0 0 0 1 1
1 0 1 0 1 0 0
1 0 1 1 1 0 0

1247
0 0 0 0 1 1 1
0 0 0 0 1 0 1
0 0 0 0 0 1 0
0 0 0 0 0 0 1
1 1 0 0 0 1 1
1 0 1 0 1 0 0
1 1 0 1 1 0 0

1257
0 0 0 0 1 1 1
0 0 0 0 1 0 1
0 0 0 0 0 1 0
0 0 0 0 0 0 1
1 1 0 0 0 1 1
1 0 1 0 1 0 1
1 1 0 1 1 1 0

1267
0 0 0 0 1 1 1
0 0 0 0 1 0 1
0 0 0 0 0 1 1
0 0 0 0 0 0 1
1 1 0 0 0 1 0
1 0 1 0 1 0 0
1 1 1 1 0 0 0

1277
0 0 0 0 1 1 1
0 0 0 0 1 0 1
0 0 0 0 0 1 1
0 0 0 0 0 0 1
1 1 0 0 0 1 1
1 0 1 0 1 0 0
1 1 1 1 1 0 0

1287
0 0 0 0 1 1 1
0 0 0 0 1 0 1
0 0 0 0 0 1 1
0 0 0 0 0 0 1
1 1 0 0 0 1 1
1 0 1 0 1 0 1
1 1 1 1 1 1 0

1297
0 0 0 0 1 1 0
0 0 0 0 1 0 0
0 0 0 0 0 1 1
0 0 0 0 0 1 1
1 1 0 0 0 0 1
1 0 1 1 0 0 0
0 0 1 1 1 0 0

1307
0 0 0 0 1 1 0
0 0 0 0 1 0 1
0 0 0 0 0 1 1
0 0 0 0 0 1 0
1 1 0 0 0 0 1
1 0 1 1 0 0 0
0 1 1 0 1 0 0

1317
0 0 0 0 1 1 0
0 0 0 0 1 0 1
0 0 0 0 0 1 1
0 0 0 0 0 1 1
1 1 0 0 0 0 0
1 0 1 1 0 0 0
0 1 1 1 0 0 0

1327
0 0 0 0 1 1 0
0 0 0 0 1 0 1
0 0 0 0 0 1 1
0 0 0 0 0 1 1
1 1 0 0 0 0 0
1 0 1 1 0 0 1
0 1 1 1 0 1 0

1337
0 0 0 0 1 1 0
0 0 0 0 1 0 1
0 0 0 0 0 1 1
0 0 0 0 0 1 1
1 1 0 0 0 0 1
1 0 1 1 0 0 0
0 1 1 1 1 0 0

1347
0 0 0 0 1 1 0
0 0 0 0 1 0 1
0 0 0 0 0 1 1
0 0 0 0 0 1 1
1 1 0 0 0 0 1
1 0 1 1 0 0 1
0 1 1 1 1 1 0

1357
0 0 0 0 1 1 1
0 0 0 0 1 0 0
0 0 0 0 0 1 1
0 0 0 0 0 1 1
1 1 0 0 0 0 0
1 0 1 1 0 0 1
1 0 1 1 0 1 0

1367
0 0 0 0 1 1 1
0 0 0 0 1 0 0
0 0 0 0 0 1 1
0 0 0 0 0 1 1
1 1 0 0 0 0 1
1 0 1 1 0 0 0
1 0 1 1 1 0 0

1377
0 0 0 0 1 1 1
0 0 0 0 1 0 0
0 0 0 0 0 1 1
0 0 0 0 0 1 1
1 1 0 0 0 0 1
1 0 1 1 0 0 1
1 0 1 1 1 1 0

1387
0 0 0 0 1 1 1
0 0 0 0 1 0 1
0 0 0 0 0 1 0
0 0 0 0 0 1 0
1 1 0 0 0 0 1
1 0 1 1 0 0 1
1 1 0 0 1 1 0

1397
0 0 0 0 1 1 1
0 0 0 0 1 0 1
0 0 0 0 0 1 1
0 0 0 0 0 1 0
1 1 0 0 0 0 0
1 0 1 1 0 0 1
1 1 1 0 0 1 0

1407
0 0 0 0 1 1 1
0 0 0 0 1 0 1
0 0 0 0 0 1 1
0 0 0 0 0 1 0
1 1 0 0 0 0 1
1 0 1 1 0 0 0
1 1 1 0 1 0 0

1417
0 0 0 0 1 1 1
0 0 0 0 1 0 1
0 0 0 0 0 1 1
0 0 0 0 0 1 0
1 1 0 0 0 0 1
1 0 1 1 0 0 1
1 1 1 0 1 1 0

1427
0 0 0 0 1 1 1
0 0 0 0 1 0 1
0 0 0 0 0 1 1
0 0 0 0 0 1 1
1 1 0 0 0 0 0
1 0 1 1 0 0 0
1 1 1 1 0 0 0

1437
0 0 0 0 1 1 1
0 0 0 0 1 0 1
0 0 0 0 0 1 1
0 0 0 0 0 1 1
1 1 0 0 0 0 0
1 0 1 1 0 0 1
1 1 1 1 0 1 0

1447
0 0 0 0 1 1 1
0 0 0 0 1 0 1
0 0 0 0 0 1 1
0 0 0 0 0 1 1
1 1 0 0 0 0 1
1 0 1 1 0 0 0
1 1 1 1 1 0 0

1457
0 0 0 0 1 1 1
0 0 0 0 1 0 1
0 0 0 0 0 1 1
0 0 0 0 0 1 1
1 1 0 0 0 0 1
1 0 1 1 0 0 1
1 1 1 1 1 1 0

1467
0 0 0 0 1 1 0
0 0 0 0 1 0 1
0 0 0 0 0 1 1
0 0 0 0 0 1 1
1 1 0 0 0 1 1
1 0 1 1 1 0 1
0 1 1 1 1 1 0

1477
0 0 0 0 1 1 1
0 0 0 0 1 0 0
0 0 0 0 0 1 1
0 0 0 0 0 1 1
1 1 0 0 0 1 1
1 0 1 1 1 0 1
1 0 1 1 1 1 0

1487
0 0 0 0 1 1 1
0 0 0 0 1 0 1
0 0 0 0 0 1 1
0 0 0 0 0 1 0
1 1 0 0 0 1 1
1 0 1 1 1 0 1
1 1 1 0 1 1 0

1497
0 0 0 0 1 1 1
0 0 0 0 1 0 1
0 0 0 0 0 1 1
0 0 0 0 0 1 1
1 1 0 0 0 1 0
1 0 1 1 1 0 0
1 1 1 1 0 0 0

1507
0 0 0 0 1 1 1
0 0 0 0 1 0 1
0 0 0 0 0 1 1
0 0 0 0 0 1 1
1 1 0 0 0 1 0
1 0 1 1 1 0 1
1 1 1 1 0 1 0

1517
0 0 0 0 1 1 1
0 0 0 0 1 0 1
0 0 0 0 0 1 1
0 0 0 0 0 1 1
1 1 0 0 0 1 1
1 0 1 1 1 0 0
1 1 1 1 1 0 0

1527
0 0 0 0 1 1 1
0 0 0 0 1 0 1
0 0 0 0 0 1 1
0 0 0 0 0 1 1
1 1 0 0 0 1 1
1 0 1 1 1 0 1
1 1 1 1 1 1 0

1537
0 0 0 0 1 1 1
0 0 0 0 1 1 0
0 0 0 0 0 0 1
0 0 0 0 0 0 1
1 1 0 0 0 0 1
1 1 0 0 0 0 0
1 0 1 1 1 0 0

1547
0 0 0 0 1 1 1
0 0 0 0 1 1 1
0 0 0 0 0 0 1
0 0 0 0 0 0 1
1 1 0 0 0 0 0
1 1 0 0 0 0 0
1 1 1 1 0 0 0

1557
0 0 0 0 1 1 1
0 0 0 0 1 1 1
0 0 0 0 0 0 1
0 0 0 0 0 0 1
1 1 0 0 0 0 1
1 1 0 0 0 0 0
1 1 1 1 1 0 0

1567
0 0 0 0 1 1 1
0 0 0 0 1 1 1
0 0 0 0 0 0 1
0 0 0 0 0 0 1
1 1 0 0 0 0 1
1 1 0 0 0 0 1
1 1 1 1 1 1 0

1577
0 0 0 0 1 1 1
0 0 0 0 1 1 0
0 0 0 0 0 0 1
0 0 0 0 0 0 1
1 1 0 0 0 1 1
1 1 0 0 1 0 1
1 0 1 1 1 1 0

1587
0 0 0 0 1 1 1
0 0 0 0 1 1 1
0 0 0 0 0 0 1
0 0 0 0 0 0 1
1 1 0 0 0 1 0
1 1 0 0 1 0 0
1 1 1 1 0 0 0

1597
0 0 0 0 1 1 1
0 0 0 0 1 1 1
0 0 0 0 0 0 1
0 0 0 0 0 0 1
1 1 0 0 0 1 1
1 1 0 0 1 0 0
1 1 1 1 1 0 0

1607
0 0 0 0 1 1 1
0 0 0 0 1 1 1
0 0 0 0 0 0 1
0 0 0 0 0 0 1
1 1 0 0 0 1 1
1 1 0 0 1 0 1
1 1 1 1 1 1 0

1617
0 0 0 0 1 1 1
0 0 0 0 1 1 0
0 0 0 0 0 1 1
0 0 0 0 0 0 1
1 1 0 0 0 0 1
1 1 1 0 0 0 0
1 0 1 1 1 0 0

1627
0 0 0 0 1 1 1
0 0 0 0 1 1 0
0 0 0 0 0 1 1
0 0 0 0 0 0 1
1 1 0 0 0 0 1
1 1 1 0 0 0 1
1 0 1 1 1 1 0

1637
0 0 0 0 1 1 1
0 0 0 0 1 1 1
0 0 0 0 0 1 0
0 0 0 0 0 0 1
1 1 0 0 0 0 0
1 1 1 0 0 0 0
1 1 0 1 0 0 0

1647
0 0 0 0 1 1 1
0 0 0 0 1 1 1
0 0 0 0 0 1 0
0 0 0 0 0 0 1
1 1 0 0 0 0 0
1 1 1 0 0 0 1
1 1 0 1 0 1 0

1657
0 0 0 0 1 1 1
0 0 0 0 1 1 1
0 0 0 0 0 1 0
0 0 0 0 0 0 1
1 1 0 0 0 0 1
1 1 1 0 0 0 0
1 1 0 1 1 0 0

1667
0 0 0 0 1 1 1
0 0 0 0 1 1 1
0 0 0 0 0 1 0
0 0 0 0 0 0 1
1 1 0 0 0 0 1
1 1 1 0 0 0 1
1 1 0 1 1 1 0

1677
0 0 0 0 1 1 1
0 0 0 0 1 1 1
0 0 0 0 0 1 1
0 0 0 0 0 0 1
1 1 0 0 0 0 0
1 1 1 0 0 0 0
1 1 1 1 0 0 0

1687
0 0 0 0 1 1 1
0 0 0 0 1 1 1
0 0 0 0 0 1 1
0 0 0 0 0 0 1
1 1 0 0 0 0 0
1 1 1 0 0 0 1
1 1 1 1 0 1 0

1697
0 0 0 0 1 1 1
0 0 0 0 1 1 1
0 0 0 0 0 1 1
0 0 0 0 0 0 1
1 1 0 0 0 0 1
1 1 1 0 0 0 0
1 1 1 1 1 0 0

1707
0 0 0 0 1 1 1
0 0 0 0 1 1 1
0 0 0 0 0 1 1
0 0 0 0 0 0 1
1 1 0 0 0 0 1
1 1 1 0 0 0 1
1 1 1 1 1 1 0

1717
0 0 0 0 1 1 1
0 0 0 0 1 1 1
0 0 0 0 0 1 0
0 0 0 0 0 0 1
1 1 0 0 0 1 1
1 1 1 0 1 0 1
1 1 0 1 1 1 0

1727
0 0 0 0 1 1 1
0 0 0 0 1 1 1
0 0 0 0 0 1 1
0 0 0 0 0 0 1
1 1 0 0 0 1 0
1 1 1 0 1 0 0
1 1 1 1 0 0 0

1737
0 0 0 0 1 1 1
0 0 0 0 1 1 1
0 0 0 0 0 1 1
0 0 0 0 0 0 1
1 1 0 0 0 1 0
1 1 1 0 1 0 1
1 1 1 1 0 1 0

1747
0 0 0 0 1 1 1
0 0 0 0 1 1 1
0 0 0 0 0 1 1
0 0 0 0 0 0 1
1 1 0 0 0 1 1
1 1 1 0 1 0 0
1 1 1 1 1 0 0

1757
0 0 0 0 1 1 1
0 0 0 0 1 1 1
0 0 0 0 0 1 1
0 0 0 0 0 0 1
1 1 0 0 0 1 1
1 1 1 0 1 0 1
1 1 1 1 1 1 0

1767
0 0 0 0 1 1 1
0 0 0 0 1 1 1
0 0 0 0 0 1 1
0 0 0 0 0 1 1
1 1 0 0 0 0 0
1 1 1 1 0 0 0
1 1 1 1 0 0 0

1777
0 0 0 0 1 1 1
0 0 0 0 1 1 1
0 0 0 0 0 1 1
0 0 0 0 0 1 1
1 1 0 0 0 0 0
1 1 1 1 0 0 1
1 1 1 1 0 1 0

1787
0 0 0 0 1 1 1
0 0 0 0 1 1 1
0 0 0 0 0 1 1
0 0 0 0 0 1 1
1 1 0 0 0 0 1
1 1 1 1 0 0 0
1 1 1 1 1 0 0

1797
0 0 0 0 1 1 1
0 0 0 0 1 1 1
0 0 0 0 0 1 1
0 0 0 0 0 1 1
1 1 0 0 0 0 1
1 1 1 1 0 0 1
1 1 1 1 1 1 0

1807
0 0 0 0 1 1 1
0 0 0 0 1 1 1
0 0 0 0 0 1 1
0 0 0 0 0 1 1
1 1 0 0 0 1 1
1 1 1 1 1 0 0
1 1 1 1 1 0 0

1817
0 0 0 0 1 1 1
0 0 0 0 1 1 1
0 0 0 0 0 1 1
0 0 0 0 0 1 1
1 1 0 0 0 1 1
1 1 1 1 1 0 1
1 1 1 1 1 1 0

1827
0 0 0 0 1 1 0
0 0 0 0 1 1 0
0 0 0 0 1 0 1
0 0 0 0 0 1 1
1 1 1 0 0 0 1
1 1 0 1 0 0 1
0 0 1 1 1 1 0

1837
0 0 0 0 1 1 1
0 0 0 0 1 1 0
0 0 0 0 1 0 1
0 0 0 0 0 1 0
1 1 1 0 0 0 1
1 1 0 1 0 0 1
1 0 1 0 1 1 0

1847
0 0 0 0 1 1 1
0 0 0 0 1 1 0
0 0 0 0 1 0 1
0 0 0 0 0 1 1
1 1 1 0 0 0 1
1 1 0 1 0 0 0
1 0 1 1 1 0 0

1857
0 0 0 0 1 1 1
0 0 0 0 1 1 0
0 0 0 0 1 0 1
0 0 0 0 0 1 1
1 1 1 0 0 0 1
1 1 0 1 0 0 1
1 0 1 1 1 1 0

1867
0 0 0 0 1 1 1
0 0 0 0 1 1 1
0 0 0 0 1 0 0
0 0 0 0 0 1 0
1 1 1 0 0 0 1
1 1 0 1 0 0 1
1 1 0 0 1 1 0

1877
0 0 0 0 1 1 1
0 0 0 0 1 1 1
0 0 0 0 1 0 0
0 0 0 0 0 1 1
1 1 1 0 0 0 1
1 1 0 1 0 0 0
1 1 0 1 1 0 0

1887
0 0 0 0 1 1 1
0 0 0 0 1 1 1
0 0 0 0 1 0 1
0 0 0 0 0 1 0
1 1 1 0 0 0 1
1 1 0 1 0 0 0
1 1 1 0 1 0 0

1897
0 0 0 0 1 1 1
0 0 0 0 1 1 1
0 0 0 0 1 0 1
0 0 0 0 0 1 0
1 1 1 0 0 0 1
1 1 0 1 0 0 1
1 1 1 0 1 1 0

1907
0 0 0 0 1 1 1
0 0 0 0 1 1 1
0 0 0 0 1 0 1
0 0 0 0 0 1 1
1 1 1 0 0 0 0
1 1 0 1 0 0 0
1 1 1 1 0 0 0

1917
0 0 0 0 1 1 1
0 0 0 0 1 1 1
0 0 0 0 1 0 1
0 0 0 0 0 1 1
1 1 1 0 0 0 1
1 1 0 1 0 0 0
1 1 1 1 1 0 0

1927
0 0 0 0 1 1 1
0 0 0 0 1 1 1
0 0 0 0 1 0 1
0 0 0 0 0 1 1
1 1 1 0 0 0 1
1 1 0 1 0 0 1
1 1 1 1 1 1 0

1937
0 0 0 0 1 1 1
0 0 0 0 1 1 0
0 0 0 0 1 0 1
0 0 0 0 0 1 1
1 1 1 0 0 1 1
1 1 0 1 1 0 1
1 0 1 1 1 1 0

1947
0 0 0 0 1 1 1
0 0 0 0 1 1 1
0 0 0 0 1 0 1
0 0 0 0 0 1 1
1 1 1 0 0 1 1
1 1 0 1 1 0 0
1 1 1 1 1 0 0

1957
0 0 0 0 1 1 1
0 0 0 0 1 1 1
0 0 0 0 1 0 1
0 0 0 0 0 1 1
1 1 1 0 0 1 1
1 1 0 1 1 0 1
1 1 1 1 1 1 0

1967
0 0 0 0 1 1 1
0 0 0 0 1 1 0
0 0 0 0 1 1 0
0 0 0 0 0 0 1
1 1 1 0 0 0 1
1 1 1 0 0 0 1
1 0 0 1 1 1 0

1977
0 0 0 0 1 1 1
0 0 0 0 1 1 1
0 0 0 0 1 1 0
0 0 0 0 0 0 1
1 1 1 0 0 0 1
1 1 1 0 0 0 1
1 1 0 1 1 1 0

1987
0 0 0 0 1 1 1
0 0 0 0 1 1 1
0 0 0 0 1 1 1
0 0 0 0 0 0 1
1 1 1 0 0 0 0
1 1 1 0 0 0 0
1 1 1 1 0 0 0

1997
0 0 0 0 1 1 1
0 0 0 0 1 1 1
0 0 0 0 1 1 1
0 0 0 0 0 0 1
1 1 1 0 0 0 1
1 1 1 0 0 0 0
1 1 1 1 1 0 0

2007
0 0 0 0 1 1 1
0 0 0 0 1 1 1
0 0 0 0 1 1 1
0 0 0 0 0 0 1
1 1 1 0 0 0 1
1 1 1 0 0 0 1
1 1 1 1 1 1 0

2017
0 0 0 0 1 1 1
0 0 0 0 1 1 1
0 0 0 0 1 1 0
0 0 0 0 0 0 1
1 1 1 0 0 1 1
1 1 1 0 1 0 1
1 1 0 1 1 1 0

2027
0 0 0 0 1 1 1
0 0 0 0 1 1 1
0 0 0 0 1 1 1
0 0 0 0 0 0 1
1 1 1 0 0 1 1
1 1 1 0 1 0 0
1 1 1 1 1 0 0

2037
0 0 0 0 1 1 1
0 0 0 0 1 1 1
0 0 0 0 1 1 1
0 0 0 0 0 0 1
1 1 1 0 0 1 1
1 1 1 0 1 0 1
1 1 1 1 1 1 0

2047
0 0 0 0 1 1 1
0 0 0 0 1 1 1
0 0 0 0 1 1 0
0 0 0 0 0 1 1
1 1 1 0 0 0 1
1 1 1 1 0 0 0
1 1 0 1 1 0 0

2057
0 0 0 0 1 1 1
0 0 0 0 1 1 1
0 0 0 0 1 1 1
0 0 0 0 0 1 0
1 1 1 0 0 0 1
1 1 1 1 0 0 0
1 1 1 0 1 0 0

2067
0 0 0 0 1 1 1
0 0 0 0 1 1 1
0 0 0 0 1 1 1
0 0 0 0 0 1 1
1 1 1 0 0 0 0
1 1 1 1 0 0 0
1 1 1 1 0 0 0

2077
0 0 0 0 1 1 1
0 0 0 0 1 1 1
0 0 0 0 1 1 1
0 0 0 0 0 1 1
1 1 1 0 0 0 0
1 1 1 1 0 0 1
1 1 1 1 0 1 0

2087
0 0 0 0 1 1 1
0 0 0 0 1 1 1
0 0 0 0 1 1 1
0 0 0 0 0 1 1
1 1 1 0 0 0 1
1 1 1 1 0 0 0
1 1 1 1 1 0 0

2097
0 0 0 0 1 1 1
0 0 0 0 1 1 1
0 0 0 0 1 1 1
0 0 0 0 0 1 1
1 1 1 0 0 0 1
1 1 1 1 0 0 1
1 1 1 1 1 1 0

2107
0 0 0 0 1 1 1
0 0 0 0 1 1 1
0 0 0 0 1 1 1
0 0 0 0 0 1 1
1 1 1 0 0 1 1
1 1 1 1 1 0 1
1 1 1 1 1 1 0

2117
0 0 0 0 1 1 1
0 0 0 0 1 1 1
0 0 0 0 1 1 1
0 0 0 0 1 1 0
1 1 1 1 0 0 1
1 1 1 1 0 0 1
1 1 1 0 1 1 0

2127
0 0 0 0 1 1 1
0 0 0 0 1 1 1
0 0 0 0 1 1 1
0 0 0 0 1 1 1
1 1 1 1 0 0 0
1 1 1 1 0 0 0
1 1 1 1 0 0 0

2137
0 0 0 0 1 1 1
0 0 0 0 1 1 1
0 0 0 0 1 1 1
0 0 0 0 1 1 1
1 1 1 1 0 0 1
1 1 1 1 0 0 0
1 1 1 1 1 0 0

2147
0 0 0 0 1 1 1
0 0 0 0 1 1 1
0 0 0 0 1 1 1
0 0 0 0 1 1 1
1 1 1 1 0 0 1
1 1 1 1 0 0 1
1 1 1 1 1 1 0

2157
0 0 0 0 1 1 1
0 0 0 0 1 1 1
0 0 0 0 1 1 1
0 0 0 0 1 1 1
1 1 1 1 0 1 1
1 1 1 1 1 0 1
1 1 1 1 1 1 0

2167
0 0 0 1 0 0 1
0 0 0 0 1 0 1
0 0 0 0 0 1 1
1 0 0 0 0 0 0
0 1 0 0 0 0 0
0 0 1 0 0 0 0
1 1 1 0 0 0 0

2177
0 0 0 1 0 0 1
0 0 0 0 1 0 1
0 0 0 0 0 1 1
1 0 0 0 0 0 1
0 1 0 0 0 0 0
0 0 1 0 0 0 0
1 1 1 1 0 0 0

2187
0 0 0 1 0 0 1
0 0 0 0 1 0 1
0 0 0 0 0 1 1
1 0 0 0 0 0 1
0 1 0 0 0 0 1
0 0 1 0 0 0 0
1 1 1 1 1 0 0

2197
0 0 0 1 0 0 1
0 0 0 0 1 0 1
0 0 0 0 0 1 1
1 0 0 0 0 0 1
0 1 0 0 0 0 1
0 0 1 0 0 0 1
1 1 1 1 1 1 0

2207
0 0 0 1 0 1 1
0 0 0 0 1 0 1
0 0 0 0 0 0 1
1 0 0 0 0 1 0
0 1 0 0 0 0 1
1 0 0 1 0 0 0
1 1 1 0 1 0 0

2217
0 0 0 1 0 1 1
0 0 0 0 1 0 1
0 0 0 0 0 0 1
1 0 0 0 0 1 1
0 1 0 0 0 0 0
1 0 0 1 0 0 0
1 1 1 1 0 0 0

2227
0 0 0 1 0 1 1
0 0 0 0 1 0 1
0 0 0 0 0 0 1
1 0 0 0 0 1 1
0 1 0 0 0 0 0
1 0 0 1 0 0 1
1 1 1 1 0 1 0

2237
0 0 0 1 0 1 1
0 0 0 0 1 0 1
0 0 0 0 0 0 1
1 0 0 0 0 1 1
0 1 0 0 0 0 1
1 0 0 1 0 0 0
1 1 1 1 1 0 0

2247
0 0 0 1 0 1 1
0 0 0 0 1 0 1
0 0 0 0 0 0 1
1 0 0 0 0 1 1
0 1 0 0 0 0 1
1 0 0 1 0 0 1
1 1 1 1 1 1 0

2257
0 0 0 1 0 1 0
0 0 0 0 1 0 1
0 0 0 0 0 1 1
1 0 0 0 0 0 0
0 1 0 0 0 0 0
1 0 1 0 0 0 0
0 1 1 0 0 0 0

2267
0 0 0 1 0 1 0
0 0 0 0 1 0 1
0 0 0 0 0 1 1
1 0 0 0 0 0 0
0 1 0 0 0 0 1
1 0 1 0 0 0 0
0 1 1 0 1 0 0

2277
0 0 0 1 0 1 0
0 0 0 0 1 0 1
0 0 0 0 0 1 1
1 0 0 0 0 0 1
0 1 0 0 0 0 0
1 0 1 0 0 0 0
0 1 1 1 0 0 0

2287
0 0 0 1 0 1 0
0 0 0 0 1 0 1
0 0 0 0 0 1 1
1 0 0 0 0 0 1
0 1 0 0 0 0 1
1 0 1 0 0 0 0
0 1 1 1 1 0 0

2297
0 0 0 1 0 1 1
0 0 0 0 1 0 1
0 0 0 0 0 1 0
1 0 0 0 0 0 0
0 1 0 0 0 0 0
1 0 1 0 0 0 1
1 1 0 0 0 1 0

2307
0 0 0 1 0 1 1
0 0 0 0 1 0 1
0 0 0 0 0 1 0
1 0 0 0 0 0 0
0 1 0 0 0 0 1
1 0 1 0 0 0 0
1 1 0 0 1 0 0

2317
0 0 0 1 0 1 1
0 0 0 0 1 0 1
0 0 0 0 0 1 0
1 0 0 0 0 0 0
0 1 0 0 0 0 1
1 0 1 0 0 0 1
1 1 0 0 1 1 0

2327
0 0 0 1 0 1 1
0 0 0 0 1 0 1
0 0 0 0 0 1 0
1 0 0 0 0 0 1
0 1 0 0 0 0 0
1 0 1 0 0 0 0
1 1 0 1 0 0 0

2337
0 0 0 1 0 1 1
0 0 0 0 1 0 1
0 0 0 0 0 1 0
1 0 0 0 0 0 1
0 1 0 0 0 0 1
1 0 1 0 0 0 0
1 1 0 1 1 0 0

2347
0 0 0 1 0 1 1
0 0 0 0 1 0 1
0 0 0 0 0 1 1
1 0 0 0 0 0 0
0 1 0 0 0 0 0
1 0 1 0 0 0 0
1 1 1 0 0 0 0

2357
0 0 0 1 0 1 1
0 0 0 0 1 0 1
0 0 0 0 0 1 1
1 0 0 0 0 0 0
0 1 0 0 0 0 0
1 0 1 0 0 0 1
1 1 1 0 0 1 0

2367
0 0 0 1 0 1 1
0 0 0 0 1 0 1
0 0 0 0 0 1 1
1 0 0 0 0 0 0
0 1 0 0 0 0 1
1 0 1 0 0 0 0
1 1 1 0 1 0 0

2377
0 0 0 1 0 1 1
0 0 0 0 1 0 1
0 0 0 0 0 1 1
1 0 0 0 0 0 0
0 1 0 0 0 0 1
1 0 1 0 0 0 1
1 1 1 0 1 1 0

2387
0 0 0 1 0 1 1
0 0 0 0 1 0 1
0 0 0 0 0 1 1
1 0 0 0 0 0 1
0 1 0 0 0 0 0
1 0 1 0 0 0 0
1 1 1 1 0 0 0

2397
0 0 0 1 0 1 1
0 0 0 0 1 0 1
0 0 0 0 0 1 1
1 0 0 0 0 0 1
0 1 0 0 0 0 0
1 0 1 0 0 0 1
1 1 1 1 0 1 0

2407
0 0 0 1 0 1 1
0 0 0 0 1 0 1
0 0 0 0 0 1 1
1 0 0 0 0 0 1
0 1 0 0 0 0 1
1 0 1 0 0 0 0
1 1 1 1 1 0 0

2417
0 0 0 1 0 1 1
0 0 0 0 1 0 1
0 0 0 0 0 1 1
1 0 0 0 0 0 1
0 1 0 0 0 0 1
1 0 1 0 0 0 1
1 1 1 1 1 1 0

2427
0 0 0 1 0 1 0
0 0 0 0 1 0 1
0 0 0 0 0 1 1
1 0 0 0 0 1 0
0 1 0 0 0 0 1
1 0 1 1 0 0 0
0 1 1 0 1 0 0

2437
0 0 0 1 0 1 0
0 0 0 0 1 0 1
0 0 0 0 0 1 1
1 0 0 0 0 1 0
0 1 0 0 0 0 1
1 0 1 1 0 0 1
0 1 1 0 1 1 0

2447
0 0 0 1 0 1 1
0 0 0 0 1 0 1
0 0 0 0 0 1 0
1 0 0 0 0 1 0
0 1 0 0 0 0 1
1 0 1 1 0 0 1
1 1 0 0 1 1 0

2457
0 0 0 1 0 1 1
0 0 0 0 1 0 1
0 0 0 0 0 1 0
1 0 0 0 0 1 1
0 1 0 0 0 0 0
1 0 1 1 0 0 1
1 1 0 1 0 1 0

2467
0 0 0 1 0 1 1
0 0 0 0 1 0 1
0 0 0 0 0 1 0
1 0 0 0 0 1 1
0 1 0 0 0 0 1
1 0 1 1 0 0 0
1 1 0 1 1 0 0

2477
0 0 0 1 0 1 1
0 0 0 0 1 0 1
0 0 0 0 0 1 0
1 0 0 0 0 1 1
0 1 0 0 0 0 1
1 0 1 1 0 0 1
1 1 0 1 1 1 0

2487
0 0 0 1 0 1 1
0 0 0 0 1 0 1
0 0 0 0 0 1 1
1 0 0 0 0 1 0
0 1 0 0 0 0 1
1 0 1 1 0 0 0
1 1 1 0 1 0 0

2497
0 0 0 1 0 1 1
0 0 0 0 1 0 1
0 0 0 0 0 1 1
1 0 0 0 0 1 0
0 1 0 0 0 0 1
1 0 1 1 0 0 1
1 1 1 0 1 1 0

2507
0 0 0 1 0 1 1
0 0 0 0 1 0 1
0 0 0 0 0 1 1
1 0 0 0 0 1 1
0 1 0 0 0 0 0
1 0 1 1 0 0 0
1 1 1 1 0 0 0

2517
0 0 0 1 0 1 1
0 0 0 0 1 0 1
0 0 0 0 0 1 1
1 0 0 0 0 1 1
0 1 0 0 0 0 0
1 0 1 1 0 0 1
1 1 1 1 0 1 0

2527
0 0 0 1 0 1 1
0 0 0 0 1 0 1
0 0 0 0 0 1 1
1 0 0 0 0 1 1
0 1 0 0 0 0 1
1 0 1 1 0 0 0
1 1 1 1 1 0 0

2537
0 0 0 1 0 1 1
0 0 0 0 1 0 1
0 0 0 0 0 1 1
1 0 0 0 0 1 1
0 1 0 0 0 0 1
1 0 1 1 0 0 1
1 1 1 1 1 1 0

2547
0 0 0 1 0 1 1
0 0 0 0 1 1 0
0 0 0 0 0 0 1
1 0 0 0 0 1 1
0 1 0 0 0 0 1
1 1 0 1 0 0 0
1 0 1 1 1 0 0

2557
0 0 0 1 0 1 1
0 0 0 0 1 1 0
0 0 0 0 0 0 1
1 0 0 0 0 1 1
0 1 0 0 0 0 1
1 1 0 1 0 0 1
1 0 1 1 1 1 0

2567
0 0 0 1 0 1 1
0 0 0 0 1 1 1
0 0 0 0 0 0 1
1 0 0 0 0 1 0
0 1 0 0 0 0 0
1 1 0 1 0 0 0
1 1 1 0 0 0 0

2577
0 0 0 1 0 1 1
0 0 0 0 1 1 1
0 0 0 0 0 0 1
1 0 0 0 0 1 0
0 1 0 0 0 0 1
1 1 0 1 0 0 0
1 1 1 0 1 0 0

2587
0 0 0 1 0 1 1
0 0 0 0 1 1 1
0 0 0 0 0 0 1
1 0 0 0 0 1 0
0 1 0 0 0 0 1
1 1 0 1 0 0 1
1 1 1 0 1 1 0

2597
0 0 0 1 0 1 1
0 0 0 0 1 1 1
0 0 0 0 0 0 1
1 0 0 0 0 1 1
0 1 0 0 0 0 0
1 1 0 1 0 0 0
1 1 1 1 0 0 0

2607
0 0 0 1 0 1 1
0 0 0 0 1 1 1
0 0 0 0 0 0 1
1 0 0 0 0 1 1
0 1 0 0 0 0 0
1 1 0 1 0 0 1
1 1 1 1 0 1 0

2617
0 0 0 1 0 1 1
0 0 0 0 1 1 1
0 0 0 0 0 0 1
1 0 0 0 0 1 1
0 1 0 0 0 0 1
1 1 0 1 0 0 0
1 1 1 1 1 0 0

2627
0 0 0 1 0 1 1
0 0 0 0 1 1 1
0 0 0 0 0 0 1
1 0 0 0 0 1 1
0 1 0 0 0 0 1
1 1 0 1 0 0 1
1 1 1 1 1 1 0

2637
0 0 0 1 0 1 1
0 0 0 0 1 1 1
0 0 0 0 0 0 1
1 0 0 0 0 1 1
0 1 0 0 0 1 1
1 1 0 1 1 0 0
1 1 1 1 1 0 0

2647
0 0 0 1 0 1 1
0 0 0 0 1 1 1
0 0 0 0 0 0 1
1 0 0 0 0 1 1
0 1 0 0 0 1 1
1 1 0 1 1 0 1
1 1 1 1 1 1 0

2657
0 0 0 1 0 1 0
0 0 0 0 1 1 0
0 0 0 0 0 1 1
1 0 0 0 0 0 1
0 1 0 0 0 0 1
1 1 1 0 0 0 0
0 0 1 1 1 0 0

2667
0 0 0 1 0 1 0
0 0 0 0 1 1 0
0 0 0 0 0 1 1
1 0 0 0 0 0 1
0 1 0 0 0 0 1
1 1 1 0 0 0 1
0 0 1 1 1 1 0

2677
0 0 0 1 0 1 0
0 0 0 0 1 1 1
0 0 0 0 0 1 1
1 0 0 0 0 0 1
0 1 0 0 0 0 0
1 1 1 0 0 0 1
0 1 1 1 0 1 0

2687
0 0 0 1 0 1 1
0 0 0 0 1 1 0
0 0 0 0 0 1 0
1 0 0 0 0 0 1
0 1 0 0 0 0 1
1 1 1 0 0 0 1
1 0 0 1 1 1 0

2697
0 0 0 1 0 1 1
0 0 0 0 1 1 0
0 0 0 0 0 1 1
1 0 0 0 0 0 1
0 1 0 0 0 0 0
1 1 1 0 0 0 1
1 0 1 1 0 1 0

2707
0 0 0 1 0 1 1
0 0 0 0 1 1 0
0 0 0 0 0 1 1
1 0 0 0 0 0 1
0 1 0 0 0 0 1
1 1 1 0 0 0 0
1 0 1 1 1 0 0

2717
0 0 0 1 0 1 1
0 0 0 0 1 1 0
0 0 0 0 0 1 1
1 0 0 0 0 0 1
0 1 0 0 0 0 1
1 1 1 0 0 0 1
1 0 1 1 1 1 0

2727
0 0 0 1 0 1 1
0 0 0 0 1 1 1
0 0 0 0 0 1 0
1 0 0 0 0 0 1
0 1 0 0 0 0 0
1 1 1 0 0 0 1
1 1 0 1 0 1 0

2737
0 0 0 1 0 1 1
0 0 0 0 1 1 1
0 0 0 0 0 1 0
1 0 0 0 0 0 1
0 1 0 0 0 0 1
1 1 1 0 0 0 0
1 1 0 1 1 0 0

2747
0 0 0 1 0 1 1
0 0 0 0 1 1 1
0 0 0 0 0 1 0
1 0 0 0 0 0 1
0 1 0 0 0 0 1
1 1 1 0 0 0 1
1 1 0 1 1 1 0

2757
0 0 0 1 0 1 1
0 0 0 0 1 1 1
0 0 0 0 0 1 1
1 0 0 0 0 0 0
0 1 0 0 0 0 0
1 1 1 0 0 0 1
1 1 1 0 0 1 0

2767
0 0 0 1 0 1 1
0 0 0 0 1 1 1
0 0 0 0 0 1 1
1 0 0 0 0 0 1
0 1 0 0 0 0 0
1 1 1 0 0 0 0
1 1 1 1 0 0 0

2777
0 0 0 1 0 1 1
0 0 0 0 1 1 1
0 0 0 0 0 1 1
1 0 0 0 0 0 1
0 1 0 0 0 0 0
1 1 1 0 0 0 1
1 1 1 1 0 1 0

2787
0 0 0 1 0 1 1
0 0 0 0 1 1 1
0 0 0 0 0 1 1
1 0 0 0 0 0 1
0 1 0 0 0 0 1
1 1 1 0 0 0 0
1 1 1 1 1 0 0

2797
0 0 0 1 0 1 1
0 0 0 0 1 1 1
0 0 0 0 0 1 1
1 0 0 0 0 0 1
0 1 0 0 0 0 1
1 1 1 0 0 0 1
1 1 1 1 1 1 0

2807
0 0 0 1 0 1 1
0 0 0 0 1 1 0
0 0 0 0 0 1 1
1 0 0 0 0 1 1
0 1 0 0 0 0 1
1 1 1 1 0 0 0
1 0 1 1 1 0 0

2817
0 0 0 1 0 1 1
0 0 0 0 1 1 0
0 0 0 0 0 1 1
1 0 0 0 0 1 1
0 1 0 0 0 0 1
1 1 1 1 0 0 1
1 0 1 1 1 1 0

2827
0 0 0 1 0 1 1
0 0 0 0 1 1 1
0 0 0 0 0 1 0
1 0 0 0 0 1 1
0 1 0 0 0 0 1
1 1 1 1 0 0 0
1 1 0 1 1 0 0

2837
0 0 0 1 0 1 1
0 0 0 0 1 1 1
0 0 0 0 0 1 0
1 0 0 0 0 1 1
0 1 0 0 0 0 1
1 1 1 1 0 0 1
1 1 0 1 1 1 0

2847
0 0 0 1 0 1 1
0 0 0 0 1 1 1
0 0 0 0 0 1 1
1 0 0 0 0 1 0
0 1 0 0 0 0 1
1 1 1 1 0 0 0
1 1 1 0 1 0 0

2857
0 0 0 1 0 1 1
0 0 0 0 1 1 1
0 0 0 0 0 1 1
1 0 0 0 0 1 0
0 1 0 0 0 0 1
1 1 1 1 0 0 1
1 1 1 0 1 1 0

2867
0 0 0 1 0 1 1
0 0 0 0 1 1 1
0 0 0 0 0 1 1
1 0 0 0 0 1 1
0 1 0 0 0 0 0
1 1 1 1 0 0 0
1 1 1 1 0 0 0

2877
0 0 0 1 0 1 1
0 0 0 0 1 1 1
0 0 0 0 0 1 1
1 0 0 0 0 1 1
0 1 0 0 0 0 0
1 1 1 1 0 0 1
1 1 1 1 0 1 0

2887
0 0 0 1 0 1 1
0 0 0 0 1 1 1
0 0 0 0 0 1 1
1 0 0 0 0 1 1
0 1 0 0 0 0 1
1 1 1 1 0 0 0
1 1 1 1 1 0 0

2897
0 0 0 1 0 1 1
0 0 0 0 1 1 1
0 0 0 0 0 1 1
1 0 0 0 0 1 1
0 1 0 0 0 0 1
1 1 1 1 0 0 1
1 1 1 1 1 1 0

2907
0 0 0 1 0 1 1
0 0 0 0 1 1 1
0 0 0 0 0 1 1
1 0 0 0 0 1 1
0 1 0 0 0 1 1
1 1 1 1 1 0 0
1 1 1 1 1 0 0

2917
0 0 0 1 0 1 1
0 0 0 0 1 1 1
0 0 0 0 0 1 1
1 0 0 0 0 1 1
0 1 0 0 0 1 1
1 1 1 1 1 0 1
1 1 1 1 1 1 0

2927
0 0 0 1 0 0 1
0 0 0 0 1 1 1
0 0 0 0 1 1 0
1 0 0 0 0 0 1
0 1 1 0 0 0 0
0 1 1 0 0 0 0
1 1 0 1 0 0 0

2937
0 0 0 1 0 0 1
0 0 0 0 1 1 1
0 0 0 0 1 1 0
1 0 0 0 0 0 1
0 1 1 0 0 0 1
0 1 1 0 0 0 0
1 1 0 1 1 0 0

2947
0 0 0 1 0 0 1
0 0 0 0 1 1 1
0 0 0 0 1 1 1
1 0 0 0 0 0 0
0 1 1 0 0 0 0
0 1 1 0 0 0 0
1 1 1 0 0 0 0

2957
0 0 0 1 0 0 1
0 0 0 0 1 1 1
0 0 0 0 1 1 1
1 0 0 0 0 0 0
0 1 1 0 0 0 1
0 1 1 0 0 0 0
1 1 1 0 1 0 0

2967
0 0 0 1 0 0 1
0 0 0 0 1 1 1
0 0 0 0 1 1 1
1 0 0 0 0 0 0
0 1 1 0 0 0 1
0 1 1 0 0 0 1
1 1 1 0 1 1 0

2977
0 0 0 1 0 0 1
0 0 0 0 1 1 1
0 0 0 0 1 1 1
1 0 0 0 0 0 1
0 1 1 0 0 0 0
0 1 1 0 0 0 0
1 1 1 1 0 0 0

2987
0 0 0 1 0 0 1
0 0 0 0 1 1 1
0 0 0 0 1 1 1
1 0 0 0 0 0 1
0 1 1 0 0 0 1
0 1 1 0 0 0 0
1 1 1 1 1 0 0

2997
0 0 0 1 0 0 1
0 0 0 0 1 1 1
0 0 0 0 1 1 1
1 0 0 0 0 0 1
0 1 1 0 0 0 1
0 1 1 0 0 0 1
1 1 1 1 1 1 0

3007
0 0 0 1 0 0 1
0 0 0 0 1 1 0
0 0 0 0 1 1 0
1 0 0 0 0 0 1
0 1 1 0 0 1 1
0 1 1 0 1 0 1
1 0 0 1 1 1 0

3017
0 0 0 1 0 0 1
0 0 0 0 1 1 1
0 0 0 0 1 1 0
1 0 0 0 0 0 0
0 1 1 0 0 1 1
0 1 1 0 1 0 1
1 1 0 0 1 1 0

3027
0 0 0 1 0 0 1
0 0 0 0 1 1 1
0 0 0 0 1 1 0
1 0 0 0 0 0 1
0 1 1 0 0 1 1
0 1 1 0 1 0 0
1 1 0 1 1 0 0

3037
0 0 0 1 0 0 1
0 0 0 0 1 1 1
0 0 0 0 1 1 0
1 0 0 0 0 0 1
0 1 1 0 0 1 1
0 1 1 0 1 0 1
1 1 0 1 1 1 0

3047
0 0 0 1 0 0 1
0 0 0 0 1 1 1
0 0 0 0 1 1 1
1 0 0 0 0 0 0
0 1 1 0 0 1 1
0 1 1 0 1 0 0
1 1 1 0 1 0 0

3057
0 0 0 1 0 0 1
0 0 0 0 1 1 1
0 0 0 0 1 1 1
1 0 0 0 0 0 0
0 1 1 0 0 1 1
0 1 1 0 1 0 1
1 1 1 0 1 1 0

3067
0 0 0 1 0 0 1
0 0 0 0 1 1 1
0 0 0 0 1 1 1
1 0 0 0 0 0 1
0 1 1 0 0 1 0
0 1 1 0 1 0 0
1 1 1 1 0 0 0

3077
0 0 0 1 0 0 1
0 0 0 0 1 1 1
0 0 0 0 1 1 1
1 0 0 0 0 0 1
0 1 1 0 0 1 1
0 1 1 0 1 0 0
1 1 1 1 1 0 0

3087
0 0 0 1 0 0 1
0 0 0 0 1 1 1
0 0 0 0 1 1 1
1 0 0 0 0 0 1
0 1 1 0 0 1 1
0 1 1 0 1 0 1
1 1 1 1 1 1 0

3097
0 0 0 1 0 1 1
0 0 0 0 1 0 0
0 0 0 0 1 0 0
1 0 0 0 0 1 1
0 1 1 0 0 1 1
1 0 0 1 1 0 1
1 0 0 1 1 1 0

3107
0 0 0 1 0 1 1
0 0 0 0 1 0 1
0 0 0 0 1 0 0
1 0 0 0 0 1 1
0 1 1 0 0 1 0
1 0 0 1 1 0 1
1 1 0 1 0 1 0

3117
0 0 0 1 0 1 1
0 0 0 0 1 0 1
0 0 0 0 1 0 0
1 0 0 0 0 1 1
0 1 1 0 0 1 1
1 0 0 1 1 0 0
1 1 0 1 1 0 0

3127
0 0 0 1 0 1 1
0 0 0 0 1 0 1
0 0 0 0 1 0 0
1 0 0 0 0 1 1
0 1 1 0 0 1 1
1 0 0 1 1 0 1
1 1 0 1 1 1 0

3137
0 0 0 1 0 1 1
0 0 0 0 1 0 1
0 0 0 0 1 0 1
1 0 0 0 0 1 0
0 1 1 0 0 1 0
1 0 0 1 1 0 1
1 1 1 0 0 1 0

3147
0 0 0 1 0 1 1
0 0 0 0 1 0 1
0 0 0 0 1 0 1
1 0 0 0 0 1 0
0 1 1 0 0 1 1
1 0 0 1 1 0 0
1 1 1 0 1 0 0

3157
0 0 0 1 0 1 1
0 0 0 0 1 0 1
0 0 0 0 1 0 1
1 0 0 0 0 1 0
0 1 1 0 0 1 1
1 0 0 1 1 0 1
1 1 1 0 1 1 0

3167
0 0 0 1 0 1 1
0 0 0 0 1 0 1
0 0 0 0 1 0 1
1 0 0 0 0 1 1
0 1 1 0 0 1 0
1 0 0 1 1 0 0
1 1 1 1 0 0 0

3177
0 0 0 1 0 1 1
0 0 0 0 1 0 1
0 0 0 0 1 0 1
1 0 0 0 0 1 1
0 1 1 0 0 1 0
1 0 0 1 1 0 1
1 1 1 1 0 1 0

3187
0 0 0 1 0 1 1
0 0 0 0 1 0 1
0 0 0 0 1 0 1
1 0 0 0 0 1 1
0 1 1 0 0 1 1
1 0 0 1 1 0 0
1 1 1 1 1 0 0

3197
0 0 0 1 0 1 1
0 0 0 0 1 0 1
0 0 0 0 1 0 1
1 0 0 0 0 1 1
0 1 1 0 0 1 1
1 0 0 1 1 0 1
1 1 1 1 1 1 0

3207
0 0 0 1 0 1 0
0 0 0 0 1 1 0
0 0 0 0 1 0 1
1 0 0 0 0 0 1
0 1 1 0 0 1 1
1 1 0 0 1 0 1
0 0 1 1 1 1 0

3217
0 0 0 1 0 1 0
0 0 0 0 1 1 1
0 0 0 0 1 0 0
1 0 0 0 0 0 1
0 1 1 0 0 1 1
1 1 0 0 1 0 1
0 1 0 1 1 1 0

3227
0 0 0 1 0 1 0
0 0 0 0 1 1 1
0 0 0 0 1 0 1
1 0 0 0 0 0 1
0 1 1 0 0 1 0
1 1 0 0 1 0 1
0 1 1 1 0 1 0

3237
0 0 0 1 0 1 0
0 0 0 0 1 1 1
0 0 0 0 1 0 1
1 0 0 0 0 0 1
0 1 1 0 0 1 1
1 1 0 0 1 0 0
0 1 1 1 1 0 0

3247
0 0 0 1 0 1 0
0 0 0 0 1 1 1
0 0 0 0 1 0 1
1 0 0 0 0 0 1
0 1 1 0 0 1 1
1 1 0 0 1 0 1
0 1 1 1 1 1 0

3257
0 0 0 1 0 1 1
0 0 0 0 1 1 0
0 0 0 0 1 0 0
1 0 0 0 0 0 1
0 1 1 0 0 1 1
1 1 0 0 1 0 1
1 0 0 1 1 1 0

3267
0 0 0 1 0 1 1
0 0 0 0 1 1 0
0 0 0 0 1 0 1
1 0 0 0 0 0 0
0 1 1 0 0 1 1
1 1 0 0 1 0 1
1 0 1 0 1 1 0

3277
0 0 0 1 0 1 1
0 0 0 0 1 1 0
0 0 0 0 1 0 1
1 0 0 0 0 0 1
0 1 1 0 0 1 0
1 1 0 0 1 0 1
1 0 1 1 0 1 0

3287
0 0 0 1 0 1 1
0 0 0 0 1 1 0
0 0 0 0 1 0 1
1 0 0 0 0 0 1
0 1 1 0 0 1 1
1 1 0 0 1 0 0
1 0 1 1 1 0 0

3297
0 0 0 1 0 1 1
0 0 0 0 1 1 0
0 0 0 0 1 0 1
1 0 0 0 0 0 1
0 1 1 0 0 1 1
1 1 0 0 1 0 1
1 0 1 1 1 1 0

3307
0 0 0 1 0 1 1
0 0 0 0 1 1 1
0 0 0 0 1 0 0
1 0 0 0 0 0 0
0 1 1 0 0 1 1
1 1 0 0 1 0 1
1 1 0 0 1 1 0

3317
0 0 0 1 0 1 1
0 0 0 0 1 1 1
0 0 0 0 1 0 0
1 0 0 0 0 0 1
0 1 1 0 0 1 0
1 1 0 0 1 0 1
1 1 0 1 0 1 0

3327
0 0 0 1 0 1 1
0 0 0 0 1 1 1
0 0 0 0 1 0 0
1 0 0 0 0 0 1
0 1 1 0 0 1 1
1 1 0 0 1 0 0
1 1 0 1 1 0 0

3337
0 0 0 1 0 1 1
0 0 0 0 1 1 1
0 0 0 0 1 0 0
1 0 0 0 0 0 1
0 1 1 0 0 1 1
1 1 0 0 1 0 1
1 1 0 1 1 1 0

3347
0 0 0 1 0 1 1
0 0 0 0 1 1 1
0 0 0 0 1 0 1
1 0 0 0 0 0 0
0 1 1 0 0 1 0
1 1 0 0 1 0 1
1 1 1 0 0 1 0

3357
0 0 0 1 0 1 1
0 0 0 0 1 1 1
0 0 0 0 1 0 1
1 0 0 0 0 0 0
0 1 1 0 0 1 1
1 1 0 0 1 0 1
1 1 1 0 1 1 0

3367
0 0 0 1 0 1 1
0 0 0 0 1 1 1
0 0 0 0 1 0 1
1 0 0 0 0 0 1
0 1 1 0 0 1 0
1 1 0 0 1 0 0
1 1 1 1 0 0 0

3377
0 0 0 1 0 1 1
0 0 0 0 1 1 1
0 0 0 0 1 0 1
1 0 0 0 0 0 1
0 1 1 0 0 1 0
1 1 0 0 1 0 1
1 1 1 1 0 1 0

3387
0 0 0 1 0 1 1
0 0 0 0 1 1 1
0 0 0 0 1 0 1
1 0 0 0 0 0 1
0 1 1 0 0 1 1
1 1 0 0 1 0 0
1 1 1 1 1 0 0

3397
0 0 0 1 0 1 1
0 0 0 0 1 1 1
0 0 0 0 1 0 1
1 0 0 0 0 0 1
0 1 1 0 0 1 1
1 1 0 0 1 0 1
1 1 1 1 1 1 0

3407
0 0 0 1 0 1 1
0 0 0 0 1 1 0
0 0 0 0 1 0 0
1 0 0 0 0 1 1
0 1 1 0 0 0 1
1 1 0 1 0 0 0
1 0 0 1 1 0 0

3417
0 0 0 1 0 1 1
0 0 0 0 1 1 0
0 0 0 0 1 0 1
1 0 0 0 0 1 0
0 1 1 0 0 0 1
1 1 0 1 0 0 0
1 0 1 0 1 0 0

3427
0 0 0 1 0 1 1
0 0 0 0 1 1 0
0 0 0 0 1 0 1
1 0 0 0 0 1 1
0 1 1 0 0 0 0
1 1 0 1 0 0 1
1 0 1 1 0 1 0

3437
0 0 0 1 0 1 1
0 0 0 0 1 1 0
0 0 0 0 1 0 1
1 0 0 0 0 1 1
0 1 1 0 0 0 1
1 1 0 1 0 0 0
1 0 1 1 1 0 0

3447
0 0 0 1 0 1 1
0 0 0 0 1 1 0
0 0 0 0 1 0 1
1 0 0 0 0 1 1
0 1 1 0 0 0 1
1 1 0 1 0 0 1
1 0 1 1 1 1 0

3457
0 0 0 1 0 1 1
0 0 0 0 1 1 1
0 0 0 0 1 0 0
1 0 0 0 0 1 0
0 1 1 0 0 0 1
1 1 0 1 0 0 0
1 1 0 0 1 0 0

3467
0 0 0 1 0 1 1
0 0 0 0 1 1 1
0 0 0 0 1 0 0
1 0 0 0 0 1 1
0 1 1 0 0 0 0
1 1 0 1 0 0 1
1 1 0 1 0 1 0

3477
0 0 0 1 0 1 1
0 0 0 0 1 1 1
0 0 0 0 1 0 0
1 0 0 0 0 1 1
0 1 1 0 0 0 1
1 1 0 1 0 0 0
1 1 0 1 1 0 0

3487
0 0 0 1 0 1 1
0 0 0 0 1 1 1
0 0 0 0 1 0 0
1 0 0 0 0 1 1
0 1 1 0 0 0 1
1 1 0 1 0 0 1
1 1 0 1 1 1 0

3497
0 0 0 1 0 1 1
0 0 0 0 1 1 1
0 0 0 0 1 0 1
1 0 0 0 0 1 0
0 1 1 0 0 0 0
1 1 0 1 0 0 0
1 1 1 0 0 0 0

3507
0 0 0 1 0 1 1
0 0 0 0 1 1 1
0 0 0 0 1 0 1
1 0 0 0 0 1 0
0 1 1 0 0 0 1
1 1 0 1 0 0 0
1 1 1 0 1 0 0

3517
0 0 0 1 0 1 1
0 0 0 0 1 1 1
0 0 0 0 1 0 1
1 0 0 0 0 1 0
0 1 1 0 0 0 1
1 1 0 1 0 0 1
1 1 1 0 1 1 0

3527
0 0 0 1 0 1 1
0 0 0 0 1 1 1
0 0 0 0 1 0 1
1 0 0 0 0 1 1
0 1 1 0 0 0 0
1 1 0 1 0 0 0
1 1 1 1 0 0 0

3537
0 0 0 1 0 1 1
0 0 0 0 1 1 1
0 0 0 0 1 0 1
1 0 0 0 0 1 1
0 1 1 0 0 0 0
1 1 0 1 0 0 1
1 1 1 1 0 1 0

3547
0 0 0 1 0 1 1
0 0 0 0 1 1 1
0 0 0 0 1 0 1
1 0 0 0 0 1 1
0 1 1 0 0 0 1
1 1 0 1 0 0 0
1 1 1 1 1 0 0

3557
0 0 0 1 0 1 1
0 0 0 0 1 1 1
0 0 0 0 1 0 1
1 0 0 0 0 1 1
0 1 1 0 0 0 1
1 1 0 1 0 0 1
1 1 1 1 1 1 0

3567
0 0 0 1 0 1 1
0 0 0 0 1 1 0
0 0 0 0 1 0 1
1 0 0 0 0 1 1
0 1 1 0 0 1 1
1 1 0 1 1 0 1
1 0 1 1 1 1 0

3577
0 0 0 1 0 1 1
0 0 0 0 1 1 1
0 0 0 0 1 0 0
1 0 0 0 0 1 1
0 1 1 0 0 1 1
1 1 0 1 1 0 1
1 1 0 1 1 1 0

3587
0 0 0 1 0 1 1
0 0 0 0 1 1 1
0 0 0 0 1 0 1
1 0 0 0 0 1 1
0 1 1 0 0 1 0
1 1 0 1 1 0 0
1 1 1 1 0 0 0

3597
0 0 0 1 0 1 1
0 0 0 0 1 1 1
0 0 0 0 1 0 1
1 0 0 0 0 1 1
0 1 1 0 0 1 0
1 1 0 1 1 0 1
1 1 1 1 0 1 0

3607
0 0 0 1 0 1 1
0 0 0 0 1 1 1
0 0 0 0 1 0 1
1 0 0 0 0 1 1
0 1 1 0 0 1 1
1 1 0 1 1 0 0
1 1 1 1 1 0 0

3617
0 0 0 1 0 1 1
0 0 0 0 1 1 1
0 0 0 0 1 0 1
1 0 0 0 0 1 1
0 1 1 0 0 1 1
1 1 0 1 1 0 1
1 1 1 1 1 1 0

3627
0 0 0 1 0 1 0
0 0 0 0 1 1 1
0 0 0 0 1 1 1
1 0 0 0 0 0 0
0 1 1 0 0 0 1
1 1 1 0 0 0 0
0 1 1 0 1 0 0

3637
0 0 0 1 0 1 0
0 0 0 0 1 1 1
0 0 0 0 1 1 1
1 0 0 0 0 0 1
0 1 1 0 0 0 0
1 1 1 0 0 0 0
0 1 1 1 0 0 0

3647
0 0 0 1 0 1 0
0 0 0 0 1 1 1
0 0 0 0 1 1 1
1 0 0 0 0 0 1
0 1 1 0 0 0 0
1 1 1 0 0 0 1
0 1 1 1 0 1 0

3657
0 0 0 1 0 1 0
0 0 0 0 1 1 1
0 0 0 0 1 1 1
1 0 0 0 0 0 1
0 1 1 0 0 0 1
1 1 1 0 0 0 0
0 1 1 1 1 0 0

3667
0 0 0 1 0 1 0
0 0 0 0 1 1 1
0 0 0 0 1 1 1
1 0 0 0 0 0 1
0 1 1 0 0 0 1
1 1 1 0 0 0 1
0 1 1 1 1 1 0

3677
0 0 0 1 0 1 1
0 0 0 0 1 1 0
0 0 0 0 1 1 0
1 0 0 0 0 0 1
0 1 1 0 0 0 1
1 1 1 0 0 0 0
1 0 0 1 1 0 0

3687
0 0 0 1 0 1 1
0 0 0 0 1 1 1
0 0 0 0 1 1 0
1 0 0 0 0 0 0
0 1 1 0 0 0 1
1 1 1 0 0 0 0
1 1 0 0 1 0 0

3697
0 0 0 1 0 1 1
0 0 0 0 1 1 1
0 0 0 0 1 1 0
1 0 0 0 0 0 1
0 1 1 0 0 0 0
1 1 1 0 0 0 1
1 1 0 1 0 1 0

3707
0 0 0 1 0 1 1
0 0 0 0 1 1 1
0 0 0 0 1 1 0
1 0 0 0 0 0 1
0 1 1 0 0 0 1
1 1 1 0 0 0 0
1 1 0 1 1 0 0

3717
0 0 0 1 0 1 1
0 0 0 0 1 1 1
0 0 0 0 1 1 0
1 0 0 0 0 0 1
0 1 1 0 0 0 1
1 1 1 0 0 0 1
1 1 0 1 1 1 0

3727
0 0 0 1 0 1 1
0 0 0 0 1 1 1
0 0 0 0 1 1 1
1 0 0 0 0 0 0
0 1 1 0 0 0 0
1 1 1 0 0 0 0
1 1 1 0 0 0 0

3737
0 0 0 1 0 1 1
0 0 0 0 1 1 1
0 0 0 0 1 1 1
1 0 0 0 0 0 0
0 1 1 0 0 0 0
1 1 1 0 0 0 1
1 1 1 0 0 1 0

3747
0 0 0 1 0 1 1
0 0 0 0 1 1 1
0 0 0 0 1 1 1
1 0 0 0 0 0 0
0 1 1 0 0 0 1
1 1 1 0 0 0 0
1 1 1 0 1 0 0

3757
0 0 0 1 0 1 1
0 0 0 0 1 1 1
0 0 0 0 1 1 1
1 0 0 0 0 0 0
0 1 1 0 0 0 1
1 1 1 0 0 0 1
1 1 1 0 1 1 0

3767
0 0 0 1 0 1 1
0 0 0 0 1 1 1
0 0 0 0 1 1 1
1 0 0 0 0 0 1
0 1 1 0 0 0 0
1 1 1 0 0 0 0
1 1 1 1 0 0 0

3777
0 0 0 1 0 1 1
0 0 0 0 1 1 1
0 0 0 0 1 1 1
1 0 0 0 0 0 1
0 1 1 0 0 0 0
1 1 1 0 0 0 1
1 1 1 1 0 1 0

3787
0 0 0 1 0 1 1
0 0 0 0 1 1 1
0 0 0 0 1 1 1
1 0 0 0 0 0 1
0 1 1 0 0 0 1
1 1 1 0 0 0 0
1 1 1 1 1 0 0

3797
0 0 0 1 0 1 1
0 0 0 0 1 1 1
0 0 0 0 1 1 1
1 0 0 0 0 0 1
0 1 1 0 0 0 1
1 1 1 0 0 0 1
1 1 1 1 1 1 0

3807
0 0 0 1 0 1 0
0 0 0 0 1 1 1
0 0 0 0 1 1 1
1 0 0 0 0 0 1
0 1 1 0 0 1 1
1 1 1 0 1 0 1
0 1 1 1 1 1 0

3817
0 0 0 1 0 1 1
0 0 0 0 1 1 1
0 0 0 0 1 1 0
1 0 0 0 0 0 1
0 1 1 0 0 1 1
1 1 1 0 1 0 1
1 1 0 1 1 1 0

3827
0 0 0 1 0 1 1
0 0 0 0 1 1 1
0 0 0 0 1 1 1
1 0 0 0 0 0 0
0 1 1 0 0 1 1
1 1 1 0 1 0 1
1 1 1 0 1 1 0

3837
0 0 0 1 0 1 1
0 0 0 0 1 1 1
0 0 0 0 1 1 1
1 0 0 0 0 0 1
0 1 1 0 0 1 0
1 1 1 0 1 0 0
1 1 1 1 0 0 0

3847
0 0 0 1 0 1 1
0 0 0 0 1 1 1
0 0 0 0 1 1 1
1 0 0 0 0 0 1
0 1 1 0 0 1 0
1 1 1 0 1 0 1
1 1 1 1 0 1 0

3857
0 0 0 1 0 1 1
0 0 0 0 1 1 1
0 0 0 0 1 1 1
1 0 0 0 0 0 1
0 1 1 0 0 1 1
1 1 1 0 1 0 0
1 1 1 1 1 0 0

3867
0 0 0 1 0 1 1
0 0 0 0 1 1 1
0 0 0 0 1 1 1
1 0 0 0 0 0 1
0 1 1 0 0 1 1
1 1 1 0 1 0 1
1 1 1 1 1 1 0

3877
0 0 0 1 0 1 1
0 0 0 0 1 1 1
0 0 0 0 1 1 1
1 0 0 0 0 1 1
0 1 1 0 0 0 0
1 1 1 1 0 0 0
1 1 1 1 0 0 0

3887
0 0 0 1 0 1 1
0 0 0 0 1 1 1
0 0 0 0 1 1 1
1 0 0 0 0 1 1
0 1 1 0 0 0 0
1 1 1 1 0 0 1
1 1 1 1 0 1 0

3897
0 0 0 1 0 1 1
0 0 0 0 1 1 1
0 0 0 0 1 1 1
1 0 0 0 0 1 1
0 1 1 0 0 0 1
1 1 1 1 0 0 0
1 1 1 1 1 0 0

3907
0 0 0 1 0 1 1
0 0 0 0 1 1 1
0 0 0 0 1 1 1
1 0 0 0 0 1 1
0 1 1 0 0 0 1
1 1 1 1 0 0 1
1 1 1 1 1 1 0

3917
0 0 0 1 0 1 1
0 0 0 0 1 1 1
0 0 0 0 1 1 1
1 0 0 0 0 1 1
0 1 1 0 0 1 1
1 1 1 1 1 0 0
1 1 1 1 1 0 0

3927
0 0 0 1 0 1 1
0 0 0 0 1 1 1
0 0 0 0 1 1 1
1 0 0 0 0 1 1
0 1 1 0 0 1 1
1 1 1 1 1 0 1
1 1 1 1 1 1 0

3937
0 0 0 1 1 0 1
0 0 0 0 0 1 0
0 0 0 0 0 1 0
1 0 0 0 1 0 1
1 0 0 1 0 0 0
0 1 1 0 0 0 1
1 0 0 1 0 1 0

3947
0 0 0 1 1 0 1
0 0 0 0 0 1 0
0 0 0 0 0 1 0
1 0 0 0 1 0 1
1 0 0 1 0 0 1
0 1 1 0 0 0 1
1 0 0 1 1 1 0

3957
0 0 0 1 1 0 1
0 0 0 0 0 1 1
0 0 0 0 0 1 0
1 0 0 0 1 0 0
1 0 0 1 0 0 0
0 1 1 0 0 0 1
1 1 0 0 0 1 0

3967
0 0 0 1 1 0 1
0 0 0 0 0 1 1
0 0 0 0 0 1 0
1 0 0 0 1 0 1
1 0 0 1 0 0 0
0 1 1 0 0 0 0
1 1 0 1 0 0 0

3977
0 0 0 1 1 0 1
0 0 0 0 0 1 1
0 0 0 0 0 1 0
1 0 0 0 1 0 1
1 0 0 1 0 0 0
0 1 1 0 0 0 1
1 1 0 1 0 1 0

3987
0 0 0 1 1 0 1
0 0 0 0 0 1 1
0 0 0 0 0 1 0
1 0 0 0 1 0 1
1 0 0 1 0 0 1
0 1 1 0 0 0 0
1 1 0 1 1 0 0

3997
0 0 0 1 1 0 1
0 0 0 0 0 1 1
0 0 0 0 0 1 0
1 0 0 0 1 0 1
1 0 0 1 0 0 1
0 1 1 0 0 0 1
1 1 0 1 1 1 0

4007
0 0 0 1 1 0 1
0 0 0 0 0 1 1
0 0 0 0 0 1 1
1 0 0 0 1 0 0
1 0 0 1 0 0 0
0 1 1 0 0 0 1
1 1 1 0 0 1 0

4017
0 0 0 1 1 0 1
0 0 0 0 0 1 1
0 0 0 0 0 1 1
1 0 0 0 1 0 1
1 0 0 1 0 0 0
0 1 1 0 0 0 0
1 1 1 1 0 0 0

4027
0 0 0 1 1 0 1
0 0 0 0 0 1 1
0 0 0 0 0 1 1
1 0 0 0 1 0 1
1 0 0 1 0 0 0
0 1 1 0 0 0 1
1 1 1 1 0 1 0

4037
0 0 0 1 1 0 1
0 0 0 0 0 1 1
0 0 0 0 0 1 1
1 0 0 0 1 0 1
1 0 0 1 0 0 1
0 1 1 0 0 0 0
1 1 1 1 1 0 0

4047
0 0 0 1 1 0 1
0 0 0 0 0 1 1
0 0 0 0 0 1 1
1 0 0 0 1 0 1
1 0 0 1 0 0 1
0 1 1 0 0 0 1
1 1 1 1 1 1 0

4057
0 0 0 1 1 1 1
0 0 0 0 0 0 1
0 0 0 0 0 0 1
1 0 0 0 1 1 1
1 0 0 1 0 1 1
1 0 0 1 1 0 0
1 1 1 1 1 0 0

4067
0 0 0 1 1 1 1
0 0 0 0 0 0 1
0 0 0 0 0 0 1
1 0 0 0 1 1 1
1 0 0 1 0 1 1
1 0 0 1 1 0 1
1 1 1 1 1 1 0

4077
0 0 0 1 1 1 1
0 0 0 0 0 1 0
0 0 0 0 0 0 1
1 0 0 0 1 1 1
1 0 0 1 0 1 1
1 1 0 1 1 0 1
1 0 1 1 1 1 0

4087
0 0 0 1 1 1 1
0 0 0 0 0 1 1
0 0 0 0 0 0 1
1 0 0 0 1 1 1
1 0 0 1 0 1 1
1 1 0 1 1 0 0
1 1 1 1 1 0 0

4097
0 0 0 1 1 1 1
0 0 0 0 0 1 1
0 0 0 0 0 0 1
1 0 0 0 1 1 1
1 0 0 1 0 1 1
1 1 0 1 1 0 1
1 1 1 1 1 1 0

4107
0 0 0 1 1 1 1
0 0 0 0 0 1 1
0 0 0 0 0 1 0
1 0 0 0 1 1 1
1 0 0 1 0 0 1
1 1 1 1 0 0 1
1 1 0 1 1 1 0

4117
0 0 0 1 1 1 1
0 0 0 0 0 1 1
0 0 0 0 0 1 1
1 0 0 0 1 1 0
1 0 0 1 0 0 1
1 1 1 1 0 0 1
1 1 1 0 1 1 0

4127
0 0 0 1 1 1 1
0 0 0 0 0 1 1
0 0 0 0 0 1 1
1 0 0 0 1 1 1
1 0 0 1 0 0 0
1 1 1 1 0 0 1
1 1 1 1 0 1 0

4137
0 0 0 1 1 1 1
0 0 0 0 0 1 1
0 0 0 0 0 1 1
1 0 0 0 1 1 1
1 0 0 1 0 0 1
1 1 1 1 0 0 0
1 1 1 1 1 0 0

4147
0 0 0 1 1 1 1
0 0 0 0 0 1 1
0 0 0 0 0 1 1
1 0 0 0 1 1 1
1 0 0 1 0 0 1
1 1 1 1 0 0 1
1 1 1 1 1 1 0

4157
0 0 0 1 1 1 1
0 0 0 0 0 1 1
0 0 0 0 0 1 1
1 0 0 0 1 1 1
1 0 0 1 0 1 1
1 1 1 1 1 0 0
1 1 1 1 1 0 0

4167
0 0 0 1 1 1 1
0 0 0 0 0 1 1
0 0 0 0 0 1 1
1 0 0 0 1 1 1
1 0 0 1 0 1 1
1 1 1 1 1 0 1
1 1 1 1 1 1 0

4177
0 0 0 1 1 0 1
0 0 0 0 1 1 1
0 0 0 0 0 0 1
1 0 0 0 0 1 0
1 1 0 0 0 0 0
0 1 0 1 0 0 0
1 1 1 0 0 0 0

4187
0 0 0 1 1 0 1
0 0 0 0 1 1 1
0 0 0 0 0 0 1
1 0 0 0 0 1 0
1 1 0 0 0 0 1
0 1 0 1 0 0 0
1 1 1 0 1 0 0

4197
0 0 0 1 1 0 1
0 0 0 0 1 1 1
0 0 0 0 0 0 1
1 0 0 0 0 1 1
1 1 0 0 0 0 0
0 1 0 1 0 0 0
1 1 1 1 0 0 0

4207
0 0 0 1 1 0 1
0 0 0 0 1 1 1
0 0 0 0 0 0 1
1 0 0 0 0 1 1
1 1 0 0 0 0 1
0 1 0 1 0 0 0
1 1 1 1 1 0 0

4217
0 0 0 1 1 0 1
0 0 0 0 1 1 1
0 0 0 0 0 0 1
1 0 0 0 0 1 1
1 1 0 0 0 0 1
0 1 0 1 0 0 1
1 1 1 1 1 1 0

4227
0 0 0 1 1 0 0
0 0 0 0 1 1 0
0 0 0 0 0 1 1
1 0 0 0 0 0 1
1 1 0 0 0 0 0
0 1 1 0 0 0 0
0 0 1 1 0 0 0

4237
0 0 0 1 1 0 0
0 0 0 0 1 1 1
0 0 0 0 0 1 1
1 0 0 0 0 0 0
1 1 0 0 0 0 1
0 1 1 0 0 0 0
0 1 1 0 1 0 0

4247
0 0 0 1 1 0 0
0 0 0 0 1 1 1
0 0 0 0 0 1 1
1 0 0 0 0 0 1
1 1 0 0 0 0 0
0 1 1 0 0 0 0
0 1 1 1 0 0 0

4257
0 0 0 1 1 0 0
0 0 0 0 1 1 1
0 0 0 0 0 1 1
1 0 0 0 0 0 1
1 1 0 0 0 0 1
0 1 1 0 0 0 0
0 1 1 1 1 0 0

4267
0 0 0 1 1 0 1
0 0 0 0 1 1 0
0 0 0 0 0 1 1
1 0 0 0 0 0 0
1 1 0 0 0 0 0
0 1 1 0 0 0 1
1 0 1 0 0 1 0

4277
0 0 0 1 1 0 1
0 0 0 0 1 1 0
0 0 0 0 0 1 1
1 0 0 0 0 0 0
1 1 0 0 0 0 1
0 1 1 0 0 0 0
1 0 1 0 1 0 0

4287
0 0 0 1 1 0 1
0 0 0 0 1 1 0
0 0 0 0 0 1 1
1 0 0 0 0 0 1
1 1 0 0 0 0 0
0 1 1 0 0 0 0
1 0 1 1 0 0 0

4297
0 0 0 1 1 0 1
0 0 0 0 1 1 0
0 0 0 0 0 1 1
1 0 0 0 0 0 1
1 1 0 0 0 0 0
0 1 1 0 0 0 1
1 0 1 1 0 1 0

4307
0 0 0 1 1 0 1
0 0 0 0 1 1 0
0 0 0 0 0 1 1
1 0 0 0 0 0 1
1 1 0 0 0 0 1
0 1 1 0 0 0 0
1 0 1 1 1 0 0

4317
0 0 0 1 1 0 1
0 0 0 0 1 1 1
0 0 0 0 0 1 0
1 0 0 0 0 0 0
1 1 0 0 0 0 0
0 1 1 0 0 0 1
1 1 0 0 0 1 0

4327
0 0 0 1 1 0 1
0 0 0 0 1 1 1
0 0 0 0 0 1 0
1 0 0 0 0 0 0
1 1 0 0 0 0 1
0 1 1 0 0 0 0
1 1 0 0 1 0 0

4337
0 0 0 1 1 0 1
0 0 0 0 1 1 1
0 0 0 0 0 1 0
1 0 0 0 0 0 0
1 1 0 0 0 0 1
0 1 1 0 0 0 1
1 1 0 0 1 1 0

4347
0 0 0 1 1 0 1
0 0 0 0 1 1 1
0 0 0 0 0 1 0
1 0 0 0 0 0 1
1 1 0 0 0 0 0
0 1 1 0 0 0 0
1 1 0 1 0 0 0

4357
0 0 0 1 1 0 1
0 0 0 0 1 1 1
0 0 0 0 0 1 0
1 0 0 0 0 0 1
1 1 0 0 0 0 0
0 1 1 0 0 0 1
1 1 0 1 0 1 0

4367
0 0 0 1 1 0 1
0 0 0 0 1 1 1
0 0 0 0 0 1 0
1 0 0 0 0 0 1
1 1 0 0 0 0 1
0 1 1 0 0 0 0
1 1 0 1 1 0 0

4377
0 0 0 1 1 0 1
0 0 0 0 1 1 1
0 0 0 0 0 1 1
1 0 0 0 0 0 0
1 1 0 0 0 0 0
0 1 1 0 0 0 0
1 1 1 0 0 0 0

4387
0 0 0 1 1 0 1
0 0 0 0 1 1 1
0 0 0 0 0 1 1
1 0 0 0 0 0 0
1 1 0 0 0 0 0
0 1 1 0 0 0 1
1 1 1 0 0 1 0

4397
0 0 0 1 1 0 1
0 0 0 0 1 1 1
0 0 0 0 0 1 1
1 0 0 0 0 0 0
1 1 0 0 0 0 1
0 1 1 0 0 0 0
1 1 1 0 1 0 0

4407
0 0 0 1 1 0 1
0 0 0 0 1 1 1
0 0 0 0 0 1 1
1 0 0 0 0 0 0
1 1 0 0 0 0 1
0 1 1 0 0 0 1
1 1 1 0 1 1 0

4417
0 0 0 1 1 0 1
0 0 0 0 1 1 1
0 0 0 0 0 1 1
1 0 0 0 0 0 1
1 1 0 0 0 0 0
0 1 1 0 0 0 0
1 1 1 1 0 0 0

4427
0 0 0 1 1 0 1
0 0 0 0 1 1 1
0 0 0 0 0 1 1
1 0 0 0 0 0 1
1 1 0 0 0 0 0
0 1 1 0 0 0 1
1 1 1 1 0 1 0

4437
0 0 0 1 1 0 1
0 0 0 0 1 1 1
0 0 0 0 0 1 1
1 0 0 0 0 0 1
1 1 0 0 0 0 1
0 1 1 0 0 0 0
1 1 1 1 1 0 0

4447
0 0 0 1 1 0 1
0 0 0 0 1 1 1
0 0 0 0 0 1 1
1 0 0 0 0 0 1
1 1 0 0 0 0 1
0 1 1 0 0 0 1
1 1 1 1 1 1 0

4457
0 0 0 1 1 0 0
0 0 0 0 1 1 1
0 0 0 0 0 1 1
1 0 0 0 0 1 1
1 1 0 0 0 0 0
0 1 1 1 0 0 1
0 1 1 1 0 1 0

4467
0 0 0 1 1 0 1
0 0 0 0 1 1 0
0 0 0 0 0 1 1
1 0 0 0 0 1 0
1 1 0 0 0 0 1
0 1 1 1 0 0 0
1 0 1 0 1 0 0

4477
0 0 0 1 1 0 1
0 0 0 0 1 1 1
0 0 0 0 0 1 0
1 0 0 0 0 1 1
1 1 0 0 0 0 0
0 1 1 1 0 0 1
1 1 0 1 0 1 0

4487
0 0 0 1 1 0 1
0 0 0 0 1 1 1
0 0 0 0 0 1 0
1 0 0 0 0 1 1
1 1 0 0 0 0 1
0 1 1 1 0 0 0
1 1 0 1 1 0 0

4497
0 0 0 1 1 0 1
0 0 0 0 1 1 1
0 0 0 0 0 1 0
1 0 0 0 0 1 1
1 1 0 0 0 0 1
0 1 1 1 0 0 1
1 1 0 1 1 1 0

4507
0 0 0 1 1 0 1
0 0 0 0 1 1 1
0 0 0 0 0 1 1
1 0 0 0 0 1 0
1 1 0 0 0 0 0
0 1 1 1 0 0 0
1 1 1 0 0 0 0

4517
0 0 0 1 1 0 1
0 0 0 0 1 1 1
0 0 0 0 0 1 1
1 0 0 0 0 1 0
1 1 0 0 0 0 1
0 1 1 1 0 0 0
1 1 1 0 1 0 0

4527
0 0 0 1 1 0 1
0 0 0 0 1 1 1
0 0 0 0 0 1 1
1 0 0 0 0 1 0
1 1 0 0 0 0 1
0 1 1 1 0 0 1
1 1 1 0 1 1 0

4537
0 0 0 1 1 0 1
0 0 0 0 1 1 1
0 0 0 0 0 1 1
1 0 0 0 0 1 1
1 1 0 0 0 0 0
0 1 1 1 0 0 0
1 1 1 1 0 0 0

4547
0 0 0 1 1 0 1
0 0 0 0 1 1 1
0 0 0 0 0 1 1
1 0 0 0 0 1 1
1 1 0 0 0 0 0
0 1 1 1 0 0 1
1 1 1 1 0 1 0

4557
0 0 0 1 1 0 1
0 0 0 0 1 1 1
0 0 0 0 0 1 1
1 0 0 0 0 1 1
1 1 0 0 0 0 1
0 1 1 1 0 0 0
1 1 1 1 1 0 0

4567
0 0 0 1 1 0 1
0 0 0 0 1 1 1
0 0 0 0 0 1 1
1 0 0 0 0 1 1
1 1 0 0 0 0 1
0 1 1 1 0 0 1
1 1 1 1 1 1 0

4577
0 0 0 1 1 1 1
0 0 0 0 1 0 1
0 0 0 0 0 1 1
1 0 0 0 0 0 0
1 1 0 0 0 1 1
1 0 1 0 1 0 1
1 1 1 0 1 1 0

4587
0 0 0 1 1 1 1
0 0 0 0 1 0 1
0 0 0 0 0 1 1
1 0 0 0 0 0 1
1 1 0 0 0 1 0
1 0 1 0 1 0 0
1 1 1 1 0 0 0

4597
0 0 0 1 1 1 1
0 0 0 0 1 0 1
0 0 0 0 0 1 1
1 0 0 0 0 0 1
1 1 0 0 0 1 1
1 0 1 0 1 0 0
1 1 1 1 1 0 0

4607
0 0 0 1 1 1 1
0 0 0 0 1 0 1
0 0 0 0 0 1 1
1 0 0 0 0 0 1
1 1 0 0 0 1 1
1 0 1 0 1 0 1
1 1 1 1 1 1 0

4617
0 0 0 1 1 1 0
0 0 0 0 1 1 0
0 0 0 0 0 0 1
1 0 0 0 0 0 1
1 1 0 0 0 1 1
1 1 0 0 1 0 1
0 0 1 1 1 1 0

4627
0 0 0 1 1 1 0
0 0 0 0 1 1 1
0 0 0 0 0 0 1
1 0 0 0 0 0 1
1 1 0 0 0 1 1
1 1 0 0 1 0 0
0 1 1 1 1 0 0

4637
0 0 0 1 1 1 0
0 0 0 0 1 1 1
0 0 0 0 0 0 1
1 0 0 0 0 0 1
1 1 0 0 0 1 1
1 1 0 0 1 0 1
0 1 1 1 1 1 0

4647
0 0 0 1 1 1 1
0 0 0 0 1 1 0
0 0 0 0 0 0 1
1 0 0 0 0 0 0
1 1 0 0 0 1 1
1 1 0 0 1 0 1
1 0 1 0 1 1 0

4657
0 0 0 1 1 1 1
0 0 0 0 1 1 0
0 0 0 0 0 0 1
1 0 0 0 0 0 1
1 1 0 0 0 1 1
1 1 0 0 1 0 1
1 0 1 1 1 1 0

4667
0 0 0 1 1 1 1
0 0 0 0 1 1 1
0 0 0 0 0 0 1
1 0 0 0 0 0 0
1 1 0 0 0 1 1
1 1 0 0 1 0 1
1 1 1 0 1 1 0

4677
0 0 0 1 1 1 1
0 0 0 0 1 1 1
0 0 0 0 0 0 1
1 0 0 0 0 0 1
1 1 0 0 0 1 1
1 1 0 0 1 0 0
1 1 1 1 1 0 0

4687
0 0 0 1 1 1 1
0 0 0 0 1 1 1
0 0 0 0 0 0 1
1 0 0 0 0 0 1
1 1 0 0 0 1 1
1 1 0 0 1 0 1
1 1 1 1 1 1 0

4697
0 0 0 1 1 1 0
0 0 0 0 1 1 1
0 0 0 0 0 0 1
1 0 0 0 0 1 1
1 1 0 0 0 0 1
1 1 0 1 0 0 0
0 1 1 1 1 0 0

4707
0 0 0 1 1 1 1
0 0 0 0 1 1 1
0 0 0 0 0 0 1
1 0 0 0 0 1 0
1 1 0 0 0 0 0
1 1 0 1 0 0 1
1 1 1 0 0 1 0

4717
0 0 0 1 1 1 1
0 0 0 0 1 1 1
0 0 0 0 0 0 1
1 0 0 0 0 1 0
1 1 0 0 0 0 1
1 1 0 1 0 0 1
1 1 1 0 1 1 0

4727
0 0 0 1 1 1 1
0 0 0 0 1 1 1
0 0 0 0 0 0 1
1 0 0 0 0 1 1
1 1 0 0 0 0 0
1 1 0 1 0 0 1
1 1 1 1 0 1 0

4737
0 0 0 1 1 1 1
0 0 0 0 1 1 1
0 0 0 0 0 0 1
1 0 0 0 0 1 1
1 1 0 0 0 0 1
1 1 0 1 0 0 0
1 1 1 1 1 0 0

4747
0 0 0 1 1 1 1
0 0 0 0 1 1 1
0 0 0 0 0 0 1
1 0 0 0 0 1 1
1 1 0 0 0 0 1
1 1 0 1 0 0 1
1 1 1 1 1 1 0

4757
0 0 0 1 1 1 1
0 0 0 0 1 1 1
0 0 0 0 0 0 1
1 0 0 0 0 1 1
1 1 0 0 0 1 1
1 1 0 1 1 0 0
1 1 1 1 1 0 0

4767
0 0 0 1 1 1 1
0 0 0 0 1 1 1
0 0 0 0 0 0 1
1 0 0 0 0 1 1
1 1 0 0 0 1 1
1 1 0 1 1 0 1
1 1 1 1 1 1 0

4777
0 0 0 1 1 1 0
0 0 0 0 1 1 1
0 0 0 0 0 1 1
1 0 0 0 0 0 1
1 1 0 0 0 0 1
1 1 1 0 0 0 0
0 1 1 1 1 0 0

4787
0 0 0 1 1 1 1
0 0 0 0 1 1 0
0 0 0 0 0 1 1
1 0 0 0 0 0 1
1 1 0 0 0 0 1
1 1 1 0 0 0 0
1 0 1 1 1 0 0

4797
0 0 0 1 1 1 1
0 0 0 0 1 1 1
0 0 0 0 0 1 0
1 0 0 0 0 0 0
1 1 0 0 0 0 1
1 1 1 0 0 0 1
1 1 0 0 1 1 0

4807
0 0 0 1 1 1 1
0 0 0 0 1 1 1
0 0 0 0 0 1 0
1 0 0 0 0 0 1
1 1 0 0 0 0 1
1 1 1 0 0 0 0
1 1 0 1 1 0 0

4817
0 0 0 1 1 1 1
0 0 0 0 1 1 1
0 0 0 0 0 1 1
1 0 0 0 0 0 0
1 1 0 0 0 0 1
1 1 1 0 0 0 0
1 1 1 0 1 0 0

4827
0 0 0 1 1 1 1
0 0 0 0 1 1 1
0 0 0 0 0 1 1
1 0 0 0 0 0 0
1 1 0 0 0 0 1
1 1 1 0 0 0 1
1 1 1 0 1 1 0

4837
0 0 0 1 1 1 1
0 0 0 0 1 1 1
0 0 0 0 0 1 1
1 0 0 0 0 0 1
1 1 0 0 0 0 0
1 1 1 0 0 0 0
1 1 1 1 0 0 0

4847
0 0 0 1 1 1 1
0 0 0 0 1 1 1
0 0 0 0 0 1 1
1 0 0 0 0 0 1
1 1 0 0 0 0 0
1 1 1 0 0 0 1
1 1 1 1 0 1 0

4857
0 0 0 1 1 1 1
0 0 0 0 1 1 1
0 0 0 0 0 1 1
1 0 0 0 0 0 1
1 1 0 0 0 0 1
1 1 1 0 0 0 0
1 1 1 1 1 0 0

4867
0 0 0 1 1 1 1
0 0 0 0 1 1 1
0 0 0 0 0 1 1
1 0 0 0 0 0 1
1 1 0 0 0 0 1
1 1 1 0 0 0 1
1 1 1 1 1 1 0

4877
0 0 0 1 1 1 0
0 0 0 0 1 1 1
0 0 0 0 0 1 1
1 0 0 0 0 0 1
1 1 0 0 0 1 1
1 1 1 0 1 0 1
0 1 1 1 1 1 0

4887
0 0 0 1 1 1 1
0 0 0 0 1 1 0
0 0 0 0 0 1 1
1 0 0 0 0 0 1
1 1 0 0 0 1 1
1 1 1 0 1 0 1
1 0 1 1 1 1 0

4897
0 0 0 1 1 1 1
0 0 0 0 1 1 1
0 0 0 0 0 1 0
1 0 0 0 0 0 1
1 1 0 0 0 1 1
1 1 1 0 1 0 1
1 1 0 1 1 1 0

4907
0 0 0 1 1 1 1
0 0 0 0 1 1 1
0 0 0 0 0 1 1
1 0 0 0 0 0 0
1 1 0 0 0 1 1
1 1 1 0 1 0 1
1 1 1 0 1 1 0

4917
0 0 0 1 1 1 1
0 0 0 0 1 1 1
0 0 0 0 0 1 1
1 0 0 0 0 0 1
1 1 0 0 0 1 0
1 1 1 0 1 0 1
1 1 1 1 0 1 0

4927
0 0 0 1 1 1 1
0 0 0 0 1 1 1
0 0 0 0 0 1 1
1 0 0 0 0 0 1
1 1 0 0 0 1 1
1 1 1 0 1 0 0
1 1 1 1 1 0 0

4937
0 0 0 1 1 1 1
0 0 0 0 1 1 1
0 0 0 0 0 1 1
1 0 0 0 0 0 1
1 1 0 0 0 1 1
1 1 1 0 1 0 1
1 1 1 1 1 1 0

4947
0 0 0 1 1 1 0
0 0 0 0 1 1 1
0 0 0 0 0 1 1
1 0 0 0 0 1 1
1 1 0 0 0 0 1
1 1 1 1 0 0 0
0 1 1 1 1 0 0

4957
0 0 0 1 1 1 0
0 0 0 0 1 1 1
0 0 0 0 0 1 1
1 0 0 0 0 1 1
1 1 0 0 0 0 1
1 1 1 1 0 0 1
0 1 1 1 1 1 0

4967
0 0 0 1 1 1 1
0 0 0 0 1 1 1
0 0 0 0 0 1 0
1 0 0 0 0 1 1
1 1 0 0 0 0 1
1 1 1 1 0 0 1
1 1 0 1 1 1 0

4977
0 0 0 1 1 1 1
0 0 0 0 1 1 1
0 0 0 0 0 1 1
1 0 0 0 0 1 1
1 1 0 0 0 0 0
1 1 1 1 0 0 1
1 1 1 1 0 1 0

4987
0 0 0 1 1 1 1
0 0 0 0 1 1 1
0 0 0 0 0 1 1
1 0 0 0 0 1 1
1 1 0 0 0 0 1
1 1 1 1 0 0 0
1 1 1 1 1 0 0

4997
0 0 0 1 1 1 1
0 0 0 0 1 1 1
0 0 0 0 0 1 1
1 0 0 0 0 1 1
1 1 0 0 0 0 1
1 1 1 1 0 0 1
1 1 1 1 1 1 0

5007
0 0 0 1 1 1 1
0 0 0 0 1 1 1
0 0 0 0 0 1 1
1 0 0 0 0 1 1
1 1 0 0 0 1 1
1 1 1 1 1 0 0
1 1 1 1 1 0 0

5017
0 0 0 1 1 1 1
0 0 0 0 1 1 1
0 0 0 0 0 1 1
1 0 0 0 0 1 1
1 1 0 0 0 1 1
1 1 1 1 1 0 1
1 1 1 1 1 1 0

5027
0 0 0 1 1 1 0
0 0 0 0 1 0 1
0 0 0 0 0 1 1
1 0 0 0 1 1 0
1 1 0 1 0 0 1
1 0 1 1 0 0 1
0 1 1 0 1 1 0

5037
0 0 0 1 1 1 1
0 0 0 0 1 0 0
0 0 0 0 0 1 0
1 0 0 0 1 1 1
1 1 0 1 0 0 1
1 0 1 1 0 0 1
1 0 0 1 1 1 0

5047
0 0 0 1 1 1 1
0 0 0 0 1 0 0
0 0 0 0 0 1 1
1 0 0 0 1 1 1
1 1 0 1 0 0 1
1 0 1 1 0 0 0
1 0 1 1 1 0 0

5057
0 0 0 1 1 1 1
0 0 0 0 1 0 1
0 0 0 0 0 1 0
1 0 0 0 1 1 0
1 1 0 1 0 0 1
1 0 1 1 0 0 1
1 1 0 0 1 1 0

5067
0 0 0 1 1 1 1
0 0 0 0 1 0 1
0 0 0 0 0 1 0
1 0 0 0 1 1 1
1 1 0 1 0 0 1
1 0 1 1 0 0 1
1 1 0 1 1 1 0

5077
0 0 0 1 1 1 1
0 0 0 0 1 0 1
0 0 0 0 0 1 1
1 0 0 0 1 1 0
1 1 0 1 0 0 1
1 0 1 1 0 0 1
1 1 1 0 1 1 0

5087
0 0 0 1 1 1 1
0 0 0 0 1 0 1
0 0 0 0 0 1 1
1 0 0 0 1 1 1
1 1 0 1 0 0 1
1 0 1 1 0 0 0
1 1 1 1 1 0 0

5097
0 0 0 1 1 1 1
0 0 0 0 1 0 1
0 0 0 0 0 1 1
1 0 0 0 1 1 1
1 1 0 1 0 0 1
1 0 1 1 0 0 1
1 1 1 1 1 1 0

5107
0 0 0 1 1 1 1
0 0 0 0 1 0 1
0 0 0 0 0 1 1
1 0 0 0 1 1 1
1 1 0 1 0 1 1
1 0 1 1 1 0 1
1 1 1 1 1 1 0

5117
0 0 0 1 1 1 0
0 0 0 0 1 1 1
0 0 0 0 0 0 1
1 0 0 0 1 1 0
1 1 0 1 0 0 1
1 1 0 1 0 0 1
0 1 1 0 1 1 0

5127
0 0 0 1 1 1 1
0 0 0 0 1 1 0
0 0 0 0 0 0 1
1 0 0 0 1 1 1
1 1 0 1 0 0 1
1 1 0 1 0 0 1
1 0 1 1 1 1 0

5137
0 0 0 1 1 1 1
0 0 0 0 1 1 1
0 0 0 0 0 0 1
1 0 0 0 1 1 0
1 1 0 1 0 0 1
1 1 0 1 0 0 1
1 1 1 0 1 1 0

5147
0 0 0 1 1 1 1
0 0 0 0 1 1 1
0 0 0 0 0 0 1
1 0 0 0 1 1 1
1 1 0 1 0 0 1
1 1 0 1 0 0 0
1 1 1 1 1 0 0

5157
0 0 0 1 1 1 1
0 0 0 0 1 1 1
0 0 0 0 0 0 1
1 0 0 0 1 1 1
1 1 0 1 0 0 1
1 1 0 1 0 0 1
1 1 1 1 1 1 0

5167
0 0 0 1 1 1 1
0 0 0 0 1 1 0
0 0 0 0 0 0 1
1 0 0 0 1 1 1
1 1 0 1 0 1 1
1 1 0 1 1 0 1
1 0 1 1 1 1 0

5177
0 0 0 1 1 1 1
0 0 0 0 1 1 1
0 0 0 0 0 0 1
1 0 0 0 1 1 1
1 1 0 1 0 1 1
1 1 0 1 1 0 0
1 1 1 1 1 0 0

5187
0 0 0 1 1 1 1
0 0 0 0 1 1 1
0 0 0 0 0 0 1
1 0 0 0 1 1 1
1 1 0 1 0 1 1
1 1 0 1 1 0 1
1 1 1 1 1 1 0

5197
0 0 0 1 1 1 0
0 0 0 0 1 1 0
0 0 0 0 0 1 1
1 0 0 0 1 0 1
1 1 0 1 0 0 1
1 1 1 0 0 0 1
0 0 1 1 1 1 0

5207
0 0 0 1 1 1 0
0 0 0 0 1 1 1
0 0 0 0 0 1 0
1 0 0 0 1 0 1
1 1 0 1 0 0 1
1 1 1 0 0 0 1
0 1 0 1 1 1 0

5217
0 0 0 1 1 1 0
0 0 0 0 1 1 1
0 0 0 0 0 1 1
1 0 0 0 1 0 0
1 1 0 1 0 0 1
1 1 1 0 0 0 1
0 1 1 0 1 1 0

5227
0 0 0 1 1 1 0
0 0 0 0 1 1 1
0 0 0 0 0 1 1
1 0 0 0 1 0 1
1 1 0 1 0 0 0
1 1 1 0 0 0 1
0 1 1 1 0 1 0

5237
0 0 0 1 1 1 0
0 0 0 0 1 1 1
0 0 0 0 0 1 1
1 0 0 0 1 0 1
1 1 0 1 0 0 1
1 1 1 0 0 0 0
0 1 1 1 1 0 0

5247
0 0 0 1 1 1 0
0 0 0 0 1 1 1
0 0 0 0 0 1 1
1 0 0 0 1 0 1
1 1 0 1 0 0 1
1 1 1 0 0 0 1
0 1 1 1 1 1 0

5257
0 0 0 1 1 1 1
0 0 0 0 1 1 0
0 0 0 0 0 1 0
1 0 0 0 1 0 1
1 1 0 1 0 0 1
1 1 1 0 0 0 1
1 0 0 1 1 1 0

5267
0 0 0 1 1 1 1
0 0 0 0 1 1 0
0 0 0 0 0 1 1
1 0 0 0 1 0 0
1 1 0 1 0 0 1
1 1 1 0 0 0 1
1 0 1 0 1 1 0

5277
0 0 0 1 1 1 1
0 0 0 0 1 1 0
0 0 0 0 0 1 1
1 0 0 0 1 0 1
1 1 0 1 0 0 0
1 1 1 0 0 0 1
1 0 1 1 0 1 0

5287
0 0 0 1 1 1 1
0 0 0 0 1 1 0
0 0 0 0 0 1 1
1 0 0 0 1 0 1
1 1 0 1 0 0 1
1 1 1 0 0 0 0
1 0 1 1 1 0 0

5297
0 0 0 1 1 1 1
0 0 0 0 1 1 0
0 0 0 0 0 1 1
1 0 0 0 1 0 1
1 1 0 1 0 0 1
1 1 1 0 0 0 1
1 0 1 1 1 1 0

5307
0 0 0 1 1 1 1
0 0 0 0 1 1 1
0 0 0 0 0 1 0
1 0 0 0 1 0 1
1 1 0 1 0 0 0
1 1 1 0 0 0 1
1 1 0 1 0 1 0

5317
0 0 0 1 1 1 1
0 0 0 0 1 1 1
0 0 0 0 0 1 0
1 0 0 0 1 0 1
1 1 0 1 0 0 1
1 1 1 0 0 0 0
1 1 0 1 1 0 0

5327
0 0 0 1 1 1 1
0 0 0 0 1 1 1
0 0 0 0 0 1 0
1 0 0 0 1 0 1
1 1 0 1 0 0 1
1 1 1 0 0 0 1
1 1 0 1 1 1 0

5337
0 0 0 1 1 1 1
0 0 0 0 1 1 1
0 0 0 0 0 1 1
1 0 0 0 1 0 0
1 1 0 1 0 0 0
1 1 1 0 0 0 1
1 1 1 0 0 1 0

5347
0 0 0 1 1 1 1
0 0 0 0 1 1 1
0 0 0 0 0 1 1
1 0 0 0 1 0 0
1 1 0 1 0 0 1
1 1 1 0 0 0 0
1 1 1 0 1 0 0

5357
0 0 0 1 1 1 1
0 0 0 0 1 1 1
0 0 0 0 0 1 1
1 0 0 0 1 0 0
1 1 0 1 0 0 1
1 1 1 0 0 0 1
1 1 1 0 1 1 0

5367
0 0 0 1 1 1 1
0 0 0 0 1 1 1
0 0 0 0 0 1 1
1 0 0 0 1 0 1
1 1 0 1 0 0 0
1 1 1 0 0 0 1
1 1 1 1 0 1 0

5377
0 0 0 1 1 1 1
0 0 0 0 1 1 1
0 0 0 0 0 1 1
1 0 0 0 1 0 1
1 1 0 1 0 0 1
1 1 1 0 0 0 0
1 1 1 1 1 0 0

5387
0 0 0 1 1 1 1
0 0 0 0 1 1 1
0 0 0 0 0 1 1
1 0 0 0 1 0 1
1 1 0 1 0 0 1
1 1 1 0 0 0 1
1 1 1 1 1 1 0

5397
0 0 0 1 1 1 1
0 0 0 0 1 1 0
0 0 0 0 0 1 1
1 0 0 0 1 1 1
1 1 0 1 0 0 1
1 1 1 1 0 0 1
1 0 1 1 1 1 0

5407
0 0 0 1 1 1 1
0 0 0 0 1 1 1
0 0 0 0 0 1 1
1 0 0 0 1 1 1
1 1 0 1 0 0 0
1 1 1 1 0 0 1
1 1 1 1 0 1 0

5417
0 0 0 1 1 1 1
0 0 0 0 1 1 1
0 0 0 0 0 1 1
1 0 0 0 1 1 1
1 1 0 1 0 0 1
1 1 1 1 0 0 0
1 1 1 1 1 0 0

5427
0 0 0 1 1 1 1
0 0 0 0 1 1 1
0 0 0 0 0 1 1
1 0 0 0 1 1 1
1 1 0 1 0 0 1
1 1 1 1 0 0 1
1 1 1 1 1 1 0

5437
0 0 0 1 1 1 1
0 0 0 0 1 1 1
0 0 0 0 0 1 1
1 0 0 0 1 1 1
1 1 0 1 0 1 1
1 1 1 1 1 0 1
1 1 1 1 1 1 0

5447
0 0 0 1 1 0 0
0 0 0 0 1 1 1
0 0 0 0 1 1 1
1 0 0 0 0 1 0
1 1 1 0 0 0 1
0 1 1 1 0 0 1
0 1 1 0 1 1 0

5457
0 0 0 1 1 0 1
0 0 0 0 1 1 0
0 0 0 0 1 1 0
1 0 0 0 0 1 1
1 1 1 0 0 0 1
0 1 1 1 0 0 1
1 0 0 1 1 1 0

5467
0 0 0 1 1 0 1
0 0 0 0 1 1 1
0 0 0 0 1 1 0
1 0 0 0 0 1 0
1 1 1 0 0 0 1
0 1 1 1 0 0 1
1 1 0 0 1 1 0

5477
0 0 0 1 1 0 1
0 0 0 0 1 1 1
0 0 0 0 1 1 0
1 0 0 0 0 1 1
1 1 1 0 0 0 1
0 1 1 1 0 0 1
1 1 0 1 1 1 0

5487
0 0 0 1 1 0 1
0 0 0 0 1 1 1
0 0 0 0 1 1 1
1 0 0 0 0 1 0
1 1 1 0 0 0 0
0 1 1 1 0 0 0
1 1 1 0 0 0 0

5497
0 0 0 1 1 0 1
0 0 0 0 1 1 1
0 0 0 0 1 1 1
1 0 0 0 0 1 0
1 1 1 0 0 0 1
0 1 1 1 0 0 0
1 1 1 0 1 0 0

5507
0 0 0 1 1 0 1
0 0 0 0 1 1 1
0 0 0 0 1 1 1
1 0 0 0 0 1 0
1 1 1 0 0 0 1
0 1 1 1 0 0 1
1 1 1 0 1 1 0

5517
0 0 0 1 1 0 1
0 0 0 0 1 1 1
0 0 0 0 1 1 1
1 0 0 0 0 1 1
1 1 1 0 0 0 0
0 1 1 1 0 0 0
1 1 1 1 0 0 0

5527
0 0 0 1 1 0 1
0 0 0 0 1 1 1
0 0 0 0 1 1 1
1 0 0 0 0 1 1
1 1 1 0 0 0 1
0 1 1 1 0 0 0
1 1 1 1 1 0 0

5537
0 0 0 1 1 0 1
0 0 0 0 1 1 1
0 0 0 0 1 1 1
1 0 0 0 0 1 1
1 1 1 0 0 0 1
0 1 1 1 0 0 1
1 1 1 1 1 1 0

5547
0 0 0 1 1 0 1
0 0 0 0 1 1 1
0 0 0 0 1 1 0
1 0 0 0 0 1 1
1 1 1 0 0 1 1
0 1 1 1 1 0 1
1 1 0 1 1 1 0

5557
0 0 0 1 1 0 1
0 0 0 0 1 1 1
0 0 0 0 1 1 1
1 0 0 0 0 1 1
1 1 1 0 0 1 1
0 1 1 1 1 0 1
1 1 1 1 1 1 0

5567
0 0 0 1 1 1 1
0 0 0 0 1 1 0
0 0 0 0 1 0 1
1 0 0 0 0 1 1
1 1 1 0 0 1 1
1 1 0 1 1 0 1
1 0 1 1 1 1 0

5577
0 0 0 1 1 1 1
0 0 0 0 1 1 1
0 0 0 0 1 0 0
1 0 0 0 0 1 1
1 1 1 0 0 1 1
1 1 0 1 1 0 1
1 1 0 1 1 1 0

5587
0 0 0 1 1 1 1
0 0 0 0 1 1 1
0 0 0 0 1 0 1
1 0 0 0 0 1 1
1 1 1 0 0 1 0
1 1 0 1 1 0 1
1 1 1 1 0 1 0

5597
0 0 0 1 1 1 1
0 0 0 0 1 1 1
0 0 0 0 1 0 1
1 0 0 0 0 1 1
1 1 1 0 0 1 1
1 1 0 1 1 0 0
1 1 1 1 1 0 0

5607
0 0 0 1 1 1 1
0 0 0 0 1 1 1
0 0 0 0 1 0 1
1 0 0 0 0 1 1
1 1 1 0 0 1 1
1 1 0 1 1 0 1
1 1 1 1 1 1 0

5617
0 0 0 1 1 1 0
0 0 0 0 1 1 1
0 0 0 0 1 1 0
1 0 0 0 0 0 1
1 1 1 0 0 0 1
1 1 1 0 0 0 1
0 1 0 1 1 1 0

5627
0 0 0 1 1 1 0
0 0 0 0 1 1 1
0 0 0 0 1 1 1
1 0 0 0 0 0 0
1 1 1 0 0 0 1
1 1 1 0 0 0 1
0 1 1 0 1 1 0

5637
0 0 0 1 1 1 0
0 0 0 0 1 1 1
0 0 0 0 1 1 1
1 0 0 0 0 0 1
1 1 1 0 0 0 1
1 1 1 0 0 0 0
0 1 1 1 1 0 0

5647
0 0 0 1 1 1 0
0 0 0 0 1 1 1
0 0 0 0 1 1 1
1 0 0 0 0 0 1
1 1 1 0 0 0 1
1 1 1 0 0 0 1
0 1 1 1 1 1 0

5657
0 0 0 1 1 1 1
0 0 0 0 1 1 0
0 0 0 0 1 1 0
1 0 0 0 0 0 1
1 1 1 0 0 0 1
1 1 1 0 0 0 1
1 0 0 1 1 1 0

5667
0 0 0 1 1 1 1
0 0 0 0 1 1 1
0 0 0 0 1 1 0
1 0 0 0 0 0 0
1 1 1 0 0 0 1
1 1 1 0 0 0 1
1 1 0 0 1 1 0

5677
0 0 0 1 1 1 1
0 0 0 0 1 1 1
0 0 0 0 1 1 0
1 0 0 0 0 0 1
1 1 1 0 0 0 1
1 1 1 0 0 0 1
1 1 0 1 1 1 0

5687
0 0 0 1 1 1 1
0 0 0 0 1 1 1
0 0 0 0 1 1 1
1 0 0 0 0 0 0
1 1 1 0 0 0 1
1 1 1 0 0 0 0
1 1 1 0 1 0 0

5697
0 0 0 1 1 1 1
0 0 0 0 1 1 1
0 0 0 0 1 1 1
1 0 0 0 0 0 0
1 1 1 0 0 0 1
1 1 1 0 0 0 1
1 1 1 0 1 1 0

5707
0 0 0 1 1 1 1
0 0 0 0 1 1 1
0 0 0 0 1 1 1
1 0 0 0 0 0 1
1 1 1 0 0 0 0
1 1 1 0 0 0 0
1 1 1 1 0 0 0

5717
0 0 0 1 1 1 1
0 0 0 0 1 1 1
0 0 0 0 1 1 1
1 0 0 0 0 0 1
1 1 1 0 0 0 1
1 1 1 0 0 0 0
1 1 1 1 1 0 0

5727
0 0 0 1 1 1 1
0 0 0 0 1 1 1
0 0 0 0 1 1 1
1 0 0 0 0 0 1
1 1 1 0 0 0 1
1 1 1 0 0 0 1
1 1 1 1 1 1 0

5737
0 0 0 1 1 1 0
0 0 0 0 1 1 1
0 0 0 0 1 1 1
1 0 0 0 0 0 1
1 1 1 0 0 1 1
1 1 1 0 1 0 1
0 1 1 1 1 1 0

5747
0 0 0 1 1 1 1
0 0 0 0 1 1 1
0 0 0 0 1 1 0
1 0 0 0 0 0 1
1 1 1 0 0 1 1
1 1 1 0 1 0 1
1 1 0 1 1 1 0

5757
0 0 0 1 1 1 1
0 0 0 0 1 1 1
0 0 0 0 1 1 1
1 0 0 0 0 0 0
1 1 1 0 0 1 1
1 1 1 0 1 0 1
1 1 1 0 1 1 0

5767
0 0 0 1 1 1 1
0 0 0 0 1 1 1
0 0 0 0 1 1 1
1 0 0 0 0 0 1
1 1 1 0 0 1 1
1 1 1 0 1 0 0
1 1 1 1 1 0 0

5777
0 0 0 1 1 1 1
0 0 0 0 1 1 1
0 0 0 0 1 1 1
1 0 0 0 0 0 1
1 1 1 0 0 1 1
1 1 1 0 1 0 1
1 1 1 1 1 1 0

5787
0 0 0 1 1 1 0
0 0 0 0 1 1 1
0 0 0 0 1 1 1
1 0 0 0 0 1 1
1 1 1 0 0 0 1
1 1 1 1 0 0 0
0 1 1 1 1 0 0

5797
0 0 0 1 1 1 0
0 0 0 0 1 1 1
0 0 0 0 1 1 1
1 0 0 0 0 1 1
1 1 1 0 0 0 1
1 1 1 1 0 0 1
0 1 1 1 1 1 0

5807
0 0 0 1 1 1 1
0 0 0 0 1 1 1
0 0 0 0 1 1 1
1 0 0 0 0 1 1
1 1 1 0 0 0 0
1 1 1 1 0 0 1
1 1 1 1 0 1 0

5817
0 0 0 1 1 1 1
0 0 0 0 1 1 1
0 0 0 0 1 1 1
1 0 0 0 0 1 1
1 1 1 0 0 0 1
1 1 1 1 0 0 0
1 1 1 1 1 0 0

5827
0 0 0 1 1 1 1
0 0 0 0 1 1 1
0 0 0 0 1 1 1
1 0 0 0 0 1 1
1 1 1 0 0 0 1
1 1 1 1 0 0 1
1 1 1 1 1 1 0

5837
0 0 0 1 1 1 1
0 0 0 0 1 1 1
0 0 0 0 1 1 1
1 0 0 0 0 1 1
1 1 1 0 0 1 1
1 1 1 1 1 0 1
1 1 1 1 1 1 0

5847
0 0 0 1 1 1 1
0 0 0 0 1 1 1
0 0 0 0 1 1 0
1 0 0 0 1 1 1
1 1 1 1 0 0 1
1 1 1 1 0 0 1
1 1 0 1 1 1 0

5857
0 0 0 1 1 1 1
0 0 0 0 1 1 1
0 0 0 0 1 1 1
1 0 0 0 1 1 0
1 1 1 1 0 0 1
1 1 1 1 0 0 1
1 1 1 0 1 1 0

5867
0 0 0 1 1 1 1
0 0 0 0 1 1 1
0 0 0 0 1 1 1
1 0 0 0 1 1 1
1 1 1 1 0 0 1
1 1 1 1 0 0 0
1 1 1 1 1 0 0

5877
0 0 0 1 1 1 1
0 0 0 0 1 1 1
0 0 0 0 1 1 1
1 0 0 0 1 1 1
1 1 1 1 0 0 1
1 1 1 1 0 0 1
1 1 1 1 1 1 0

5887
0 0 0 1 1 1 1
0 0 0 0 1 1 1
0 0 0 0 1 1 1
1 0 0 0 1 1 1
1 1 1 1 0 1 1
1 1 1 1 1 0 1
1 1 1 1 1 1 0

5897
0 0 0 1 1 0 0
0 0 0 1 0 1 1
0 0 0 0 1 1 1
1 1 0 0 0 0 1
1 0 1 0 0 0 1
0 1 1 0 0 0 0
0 1 1 1 1 0 0

5907
0 0 0 1 1 0 1
0 0 0 1 0 1 0
0 0 0 0 1 1 1
1 1 0 0 0 0 1
1 0 1 0 0 0 0
0 1 1 0 0 0 0
1 0 1 1 0 0 0

5917
0 0 0 1 1 0 1
0 0 0 1 0 1 1
0 0 0 0 1 1 0
1 1 0 0 0 0 1
1 0 1 0 0 0 0
0 1 1 0 0 0 0
1 1 0 1 0 0 0

5927
0 0 0 1 1 0 1
0 0 0 1 0 1 1
0 0 0 0 1 1 0
1 1 0 0 0 0 1
1 0 1 0 0 0 1
0 1 1 0 0 0 0
1 1 0 1 1 0 0

5937
0 0 0 1 1 0 1
0 0 0 1 0 1 1
0 0 0 0 1 1 1
1 1 0 0 0 0 0
1 0 1 0 0 0 0
0 1 1 0 0 0 0
1 1 1 0 0 0 0

5947
0 0 0 1 1 0 1
0 0 0 1 0 1 1
0 0 0 0 1 1 1
1 1 0 0 0 0 1
1 0 1 0 0 0 0
0 1 1 0 0 0 0
1 1 1 1 0 0 0

5957
0 0 0 1 1 0 1
0 0 0 1 0 1 1
0 0 0 0 1 1 1
1 1 0 0 0 0 1
1 0 1 0 0 0 1
0 1 1 0 0 0 0
1 1 1 1 1 0 0

5967
0 0 0 1 1 0 1
0 0 0 1 0 1 1
0 0 0 0 1 1 1
1 1 0 0 0 0 1
1 0 1 0 0 0 1
0 1 1 0 0 0 1
1 1 1 1 1 1 0

5977
0 0 0 1 1 0 0
0 0 0 1 0 1 1
0 0 0 0 1 1 1
1 1 0 0 0 1 1
1 0 1 0 0 0 1
0 1 1 1 0 0 0
0 1 1 1 1 0 0

5987
0 0 0 1 1 0 1
0 0 0 1 0 1 0
0 0 0 0 1 1 1
1 1 0 0 0 1 1
1 0 1 0 0 0 0
0 1 1 1 0 0 1
1 0 1 1 0 1 0

5997
0 0 0 1 1 0 1
0 0 0 1 0 1 0
0 0 0 0 1 1 1
1 1 0 0 0 1 1
1 0 1 0 0 0 1
0 1 1 1 0 0 0
1 0 1 1 1 0 0

6007
0 0 0 1 1 0 1
0 0 0 1 0 1 0
0 0 0 0 1 1 1
1 1 0 0 0 1 1
1 0 1 0 0 0 1
0 1 1 1 0 0 1
1 0 1 1 1 1 0

6017
0 0 0 1 1 0 1
0 0 0 1 0 1 1
0 0 0 0 1 1 0
1 1 0 0 0 1 0
1 0 1 0 0 0 1
0 1 1 1 0 0 0
1 1 0 0 1 0 0

6027
0 0 0 1 1 0 1
0 0 0 1 0 1 1
0 0 0 0 1 1 0
1 1 0 0 0 1 1
1 0 1 0 0 0 1
0 1 1 1 0 0 0
1 1 0 1 1 0 0

6037
0 0 0 1 1 0 1
0 0 0 1 0 1 1
0 0 0 0 1 1 0
1 1 0 0 0 1 1
1 0 1 0 0 0 1
0 1 1 1 0 0 1
1 1 0 1 1 1 0

6047
0 0 0 1 1 0 1
0 0 0 1 0 1 1
0 0 0 0 1 1 1
1 1 0 0 0 1 0
1 0 1 0 0 0 0
0 1 1 1 0 0 0
1 1 1 0 0 0 0

6057
0 0 0 1 1 0 1
0 0 0 1 0 1 1
0 0 0 0 1 1 1
1 1 0 0 0 1 0
1 0 1 0 0 0 1
0 1 1 1 0 0 0
1 1 1 0 1 0 0

6067
0 0 0 1 1 0 1
0 0 0 1 0 1 1
0 0 0 0 1 1 1
1 1 0 0 0 1 1
1 0 1 0 0 0 0
0 1 1 1 0 0 1
1 1 1 1 0 1 0

6077
0 0 0 1 1 0 1
0 0 0 1 0 1 1
0 0 0 0 1 1 1
1 1 0 0 0 1 1
1 0 1 0 0 0 1
0 1 1 1 0 0 0
1 1 1 1 1 0 0

6087
0 0 0 1 1 0 1
0 0 0 1 0 1 1
0 0 0 0 1 1 1
1 1 0 0 0 1 1
1 0 1 0 0 0 1
0 1 1 1 0 0 1
1 1 1 1 1 1 0

6097
0 0 0 1 1 0 0
0 0 0 1 0 1 1
0 0 0 0 1 1 1
1 1 0 0 0 1 1
1 0 1 0 0 1 1
0 1 1 1 1 0 0
0 1 1 1 1 0 0

6107
0 0 0 1 1 0 0
0 0 0 1 0 1 1
0 0 0 0 1 1 1
1 1 0 0 0 1 1
1 0 1 0 0 1 1
0 1 1 1 1 0 1
0 1 1 1 1 1 0

6117
0 0 0 1 1 0 1
0 0 0 1 0 1 1
0 0 0 0 1 1 0
1 1 0 0 0 1 1
1 0 1 0 0 1 1
0 1 1 1 1 0 0
1 1 0 1 1 0 0

6127
0 0 0 1 1 0 1
0 0 0 1 0 1 1
0 0 0 0 1 1 0
1 1 0 0 0 1 1
1 0 1 0 0 1 1
0 1 1 1 1 0 1
1 1 0 1 1 1 0

6137
0 0 0 1 1 0 1
0 0 0 1 0 1 1
0 0 0 0 1 1 1
1 1 0 0 0 1 1
1 0 1 0 0 1 1
0 1 1 1 1 0 0
1 1 1 1 1 0 0

6147
0 0 0 1 1 0 1
0 0 0 1 0 1 1
0 0 0 0 1 1 1
1 1 0 0 0 1 1
1 0 1 0 0 1 1
0 1 1 1 1 0 1
1 1 1 1 1 1 0

6157
0 0 0 1 1 1 0
0 0 0 1 0 0 1
0 0 0 0 1 1 1
1 1 0 0 0 1 1
1 0 1 0 0 0 1
1 0 1 1 0 0 0
0 1 1 1 1 0 0

6167
0 0 0 1 1 1 1
0 0 0 1 0 0 0
0 0 0 0 1 1 1
1 1 0 0 0 1 0
1 0 1 0 0 0 1
1 0 1 1 0 0 1
1 0 1 0 1 1 0

6177
0 0 0 1 1 1 1
0 0 0 1 0 0 0
0 0 0 0 1 1 1
1 1 0 0 0 1 1
1 0 1 0 0 0 1
1 0 1 1 0 0 1
1 0 1 1 1 1 0

6187
0 0 0 1 1 1 1
0 0 0 1 0 0 1
0 0 0 0 1 1 1
1 1 0 0 0 1 0
1 0 1 0 0 0 1
1 0 1 1 0 0 1
1 1 1 0 1 1 0

6197
0 0 0 1 1 1 1
0 0 0 1 0 0 1
0 0 0 0 1 1 1
1 1 0 0 0 1 1
1 0 1 0 0 0 0
1 0 1 1 0 0 1
1 1 1 1 0 1 0

6207
0 0 0 1 1 1 1
0 0 0 1 0 0 1
0 0 0 0 1 1 1
1 1 0 0 0 1 1
1 0 1 0 0 0 1
1 0 1 1 0 0 0
1 1 1 1 1 0 0

6217
0 0 0 1 1 1 1
0 0 0 1 0 0 1
0 0 0 0 1 1 1
1 1 0 0 0 1 1
1 0 1 0 0 0 1
1 0 1 1 0 0 1
1 1 1 1 1 1 0

6227
0 0 0 1 1 1 1
0 0 0 1 0 1 0
0 0 0 0 1 0 1
1 1 0 0 0 1 1
1 0 1 0 0 1 1
1 1 0 1 1 0 1
1 0 1 1 1 1 0

6237
0 0 0 1 1 1 1
0 0 0 1 0 1 1
0 0 0 0 1 0 0
1 1 0 0 0 1 1
1 0 1 0 0 1 1
1 1 0 1 1 0 1
1 1 0 1 1 1 0

6247
0 0 0 1 1 1 1
0 0 0 1 0 1 1
0 0 0 0 1 0 1
1 1 0 0 0 1 1
1 0 1 0 0 1 1
1 1 0 1 1 0 0
1 1 1 1 1 0 0

6257
0 0 0 1 1 1 1
0 0 0 1 0 1 1
0 0 0 0 1 0 1
1 1 0 0 0 1 1
1 0 1 0 0 1 1
1 1 0 1 1 0 1
1 1 1 1 1 1 0

6267
0 0 0 1 1 1 0
0 0 0 1 0 1 1
0 0 0 0 1 1 1
1 1 0 0 0 0 1
1 0 1 0 0 0 1
1 1 1 0 0 0 0
0 1 1 1 1 0 0

6277
0 0 0 1 1 1 1
0 0 0 1 0 1 0
0 0 0 0 1 1 1
1 1 0 0 0 0 1
1 0 1 0 0 0 0
1 1 1 0 0 0 1
1 0 1 1 0 1 0

6287
0 0 0 1 1 1 1
0 0 0 1 0 1 1
0 0 0 0 1 1 0
1 1 0 0 0 0 1
1 0 1 0 0 0 0
1 1 1 0 0 0 1
1 1 0 1 0 1 0

6297
0 0 0 1 1 1 1
0 0 0 1 0 1 1
0 0 0 0 1 1 0
1 1 0 0 0 0 1
1 0 1 0 0 0 1
1 1 1 0 0 0 0
1 1 0 1 1 0 0

6307
0 0 0 1 1 1 1
0 0 0 1 0 1 1
0 0 0 0 1 1 1
1 1 0 0 0 0 0
1 0 1 0 0 0 0
1 1 1 0 0 0 1
1 1 1 0 0 1 0

6317
0 0 0 1 1 1 1
0 0 0 1 0 1 1
0 0 0 0 1 1 1
1 1 0 0 0 0 1
1 0 1 0 0 0 0
1 1 1 0 0 0 0
1 1 1 1 0 0 0

6327
0 0 0 1 1 1 1
0 0 0 1 0 1 1
0 0 0 0 1 1 1
1 1 0 0 0 0 1
1 0 1 0 0 0 0
1 1 1 0 0 0 1
1 1 1 1 0 1 0

6337
0 0 0 1 1 1 1
0 0 0 1 0 1 1
0 0 0 0 1 1 1
1 1 0 0 0 0 1
1 0 1 0 0 0 1
1 1 1 0 0 0 0
1 1 1 1 1 0 0

6347
0 0 0 1 1 1 1
0 0 0 1 0 1 1
0 0 0 0 1 1 1
1 1 0 0 0 0 1
1 0 1 0 0 0 1
1 1 1 0 0 0 1
1 1 1 1 1 1 0

6357
0 0 0 1 1 1 0
0 0 0 1 0 1 1
0 0 0 0 1 1 1
1 1 0 0 0 1 1
1 0 1 0 0 0 1
1 1 1 1 0 0 1
0 1 1 1 1 1 0

6367
0 0 0 1 1 1 1
0 0 0 1 0 1 0
0 0 0 0 1 1 1
1 1 0 0 0 1 1
1 0 1 0 0 0 1
1 1 1 1 0 0 1
1 0 1 1 1 1 0

6377
0 0 0 1 1 1 1
0 0 0 1 0 1 1
0 0 0 0 1 1 0
1 1 0 0 0 1 1
1 0 1 0 0 0 1
1 1 1 1 0 0 1
1 1 0 1 1 1 0

6387
0 0 0 1 1 1 1
0 0 0 1 0 1 1
0 0 0 0 1 1 1
1 1 0 0 0 1 0
1 0 1 0 0 0 1
1 1 1 1 0 0 1
1 1 1 0 1 1 0

6397
0 0 0 1 1 1 1
0 0 0 1 0 1 1
0 0 0 0 1 1 1
1 1 0 0 0 1 1
1 0 1 0 0 0 0
1 1 1 1 0 0 1
1 1 1 1 0 1 0

6407
0 0 0 1 1 1 1
0 0 0 1 0 1 1
0 0 0 0 1 1 1
1 1 0 0 0 1 1
1 0 1 0 0 0 1
1 1 1 1 0 0 0
1 1 1 1 1 0 0

6417
0 0 0 1 1 1 1
0 0 0 1 0 1 1
0 0 0 0 1 1 1
1 1 0 0 0 1 1
1 0 1 0 0 0 1
1 1 1 1 0 0 1
1 1 1 1 1 1 0

6427
0 0 0 1 1 1 1
0 0 0 1 0 1 1
0 0 0 0 1 1 1
1 1 0 0 0 1 1
1 0 1 0 0 1 1
1 1 1 1 1 0 0
1 1 1 1 1 0 0

6437
0 0 0 1 1 1 1
0 0 0 1 0 1 1
0 0 0 0 1 1 1
1 1 0 0 0 1 1
1 0 1 0 0 1 1
1 1 1 1 1 0 1
1 1 1 1 1 1 0

6447
0 0 0 1 1 0 1
0 0 0 1 0 1 1
0 0 0 0 1 1 0
1 1 0 0 1 1 1
1 0 1 1 0 1 1
0 1 1 1 1 0 1
1 1 0 1 1 1 0

6457
0 0 0 1 1 0 1
0 0 0 1 0 1 1
0 0 0 0 1 1 1
1 1 0 0 1 1 1
1 0 1 1 0 1 1
0 1 1 1 1 0 0
1 1 1 1 1 0 0

6467
0 0 0 1 1 0 1
0 0 0 1 0 1 1
0 0 0 0 1 1 1
1 1 0 0 1 1 1
1 0 1 1 0 1 1
0 1 1 1 1 0 1
1 1 1 1 1 1 0

6477
0 0 0 1 1 1 0
0 0 0 1 0 1 1
0 0 0 0 1 1 0
1 1 0 0 1 0 1
1 0 1 1 0 0 1
1 1 1 0 0 0 1
0 1 0 1 1 1 0

6487
0 0 0 1 1 1 0
0 0 0 1 0 1 1
0 0 0 0 1 1 1
1 1 0 0 1 0 1
1 0 1 1 0 0 0
1 1 1 0 0 0 1
0 1 1 1 0 1 0

6497
0 0 0 1 1 1 0
0 0 0 1 0 1 1
0 0 0 0 1 1 1
1 1 0 0 1 0 1
1 0 1 1 0 0 1
1 1 1 0 0 0 0
0 1 1 1 1 0 0

6507
0 0 0 1 1 1 0
0 0 0 1 0 1 1
0 0 0 0 1 1 1
1 1 0 0 1 0 1
1 0 1 1 0 0 1
1 1 1 0 0 0 1
0 1 1 1 1 1 0

6517
0 0 0 1 1 1 1
0 0 0 1 0 1 0
0 0 0 0 1 1 0
1 1 0 0 1 0 1
1 0 1 1 0 0 1
1 1 1 0 0 0 1
1 0 0 1 1 1 0

6527
0 0 0 1 1 1 1
0 0 0 1 0 1 0
0 0 0 0 1 1 1
1 1 0 0 1 0 1
1 0 1 1 0 0 0
1 1 1 0 0 0 1
1 0 1 1 0 1 0

6537
0 0 0 1 1 1 1
0 0 0 1 0 1 1
0 0 0 0 1 1 0
1 1 0 0 1 0 1
1 0 1 1 0 0 1
1 1 1 0 0 0 1
1 1 0 1 1 1 0

6547
0 0 0 1 1 1 1
0 0 0 1 0 1 1
0 0 0 0 1 1 1
1 1 0 0 1 0 1
1 0 1 1 0 0 0
1 1 1 0 0 0 0
1 1 1 1 0 0 0

6557
0 0 0 1 1 1 1
0 0 0 1 0 1 1
0 0 0 0 1 1 1
1 1 0 0 1 0 1
1 0 1 1 0 0 0
1 1 1 0 0 0 1
1 1 1 1 0 1 0

6567
0 0 0 1 1 1 1
0 0 0 1 0 1 1
0 0 0 0 1 1 1
1 1 0 0 1 0 1
1 0 1 1 0 0 1
1 1 1 0 0 0 0
1 1 1 1 1 0 0

6577
0 0 0 1 1 1 1
0 0 0 1 0 1 1
0 0 0 0 1 1 1
1 1 0 0 1 0 1
1 0 1 1 0 0 1
1 1 1 0 0 0 1
1 1 1 1 1 1 0

6587
0 0 0 1 1 1 1
0 0 0 1 0 1 1
0 0 0 0 1 1 1
1 1 0 0 1 1 0
1 0 1 1 0 0 1
1 1 1 1 0 0 1
1 1 1 0 1 1 0

6597
0 0 0 1 1 1 1
0 0 0 1 0 1 1
0 0 0 0 1 1 1
1 1 0 0 1 1 1
1 0 1 1 0 0 0
1 1 1 1 0 0 1
1 1 1 1 0 1 0

6607
0 0 0 1 1 1 1
0 0 0 1 0 1 1
0 0 0 0 1 1 1
1 1 0 0 1 1 1
1 0 1 1 0 0 1
1 1 1 1 0 0 0
1 1 1 1 1 0 0

6617
0 0 0 1 1 1 1
0 0 0 1 0 1 1
0 0 0 0 1 1 1
1 1 0 0 1 1 1
1 0 1 1 0 0 1
1 1 1 1 0 0 1
1 1 1 1 1 1 0

6627
0 0 0 1 1 1 1
0 0 0 1 0 1 1
0 0 0 0 1 1 1
1 1 0 0 1 1 1
1 0 1 1 0 1 1
1 1 1 1 1 0 1
1 1 1 1 1 1 0

6637
0 0 0 1 1 1 1
0 0 0 1 1 1 1
0 0 0 0 0 0 1
1 1 0 0 0 1 1
1 1 0 0 0 1 1
1 1 0 1 1 0 0
1 1 1 1 1 0 0

6647
0 0 0 1 1 1 1
0 0 0 1 1 1 1
0 0 0 0 0 0 1
1 1 0 0 0 1 1
1 1 0 0 0 1 1
1 1 0 1 1 0 1
1 1 1 1 1 1 0

6657
0 0 0 1 1 1 1
0 0 0 1 1 1 0
0 0 0 0 0 1 1
1 1 0 0 0 1 1
1 1 0 0 0 0 1
1 1 1 1 0 0 1
1 0 1 1 1 1 0

6667
0 0 0 1 1 1 1
0 0 0 1 1 1 1
0 0 0 0 0 1 0
1 1 0 0 0 1 1
1 1 0 0 0 0 1
1 1 1 1 0 0 1
1 1 0 1 1 1 0

6677
0 0 0 1 1 1 1
0 0 0 1 1 1 1
0 0 0 0 0 1 1
1 1 0 0 0 1 0
1 1 0 0 0 0 1
1 1 1 1 0 0 1
1 1 1 0 1 1 0

6687
0 0 0 1 1 1 1
0 0 0 1 1 1 1
0 0 0 0 0 1 1
1 1 0 0 0 1 1
1 1 0 0 0 0 0
1 1 1 1 0 0 1
1 1 1 1 0 1 0

6697
0 0 0 1 1 1 1
0 0 0 1 1 1 1
0 0 0 0 0 1 1
1 1 0 0 0 1 1
1 1 0 0 0 0 1
1 1 1 1 0 0 0
1 1 1 1 1 0 0

6707
0 0 0 1 1 1 1
0 0 0 1 1 1 1
0 0 0 0 0 1 1
1 1 0 0 0 1 1
1 1 0 0 0 0 1
1 1 1 1 0 0 1
1 1 1 1 1 1 0

6717
0 0 0 1 1 1 1
0 0 0 1 1 1 1
0 0 0 0 0 1 1
1 1 0 0 0 1 1
1 1 0 0 0 1 1
1 1 1 1 1 0 0
1 1 1 1 1 0 0

6727
0 0 0 1 1 1 1
0 0 0 1 1 1 1
0 0 0 0 0 1 1
1 1 0 0 0 1 1
1 1 0 0 0 1 1
1 1 1 1 1 0 1
1 1 1 1 1 1 0

6737
0 0 0 1 1 1 1
0 0 0 1 1 0 0
0 0 0 0 0 1 1
1 1 0 0 1 1 1
1 1 0 1 0 1 1
1 0 1 1 1 0 1
1 0 1 1 1 1 0

6747
0 0 0 1 1 1 1
0 0 0 1 1 0 1
0 0 0 0 0 1 1
1 1 0 0 1 1 1
1 1 0 1 0 1 0
1 0 1 1 1 0 1
1 1 1 1 0 1 0

6757
0 0 0 1 1 1 1
0 0 0 1 1 0 1
0 0 0 0 0 1 1
1 1 0 0 1 1 1
1 1 0 1 0 1 1
1 0 1 1 1 0 0
1 1 1 1 1 0 0

6767
0 0 0 1 1 1 1
0 0 0 1 1 0 1
0 0 0 0 0 1 1
1 1 0 0 1 1 1
1 1 0 1 0 1 1
1 0 1 1 1 0 1
1 1 1 1 1 1 0

6777
0 0 0 1 1 1 1
0 0 0 1 1 1 0
0 0 0 0 0 0 1
1 1 0 0 1 1 1
1 1 0 1 0 1 1
1 1 0 1 1 0 1
1 0 1 1 1 1 0

6787
0 0 0 1 1 1 1
0 0 0 1 1 1 1
0 0 0 0 0 0 1
1 1 0 0 1 1 1
1 1 0 1 0 1 1
1 1 0 1 1 0 0
1 1 1 1 1 0 0

6797
0 0 0 1 1 1 1
0 0 0 1 1 1 1
0 0 0 0 0 0 1
1 1 0 0 1 1 1
1 1 0 1 0 1 1
1 1 0 1 1 0 1
1 1 1 1 1 1 0

6807
0 0 0 1 1 1 1
0 0 0 1 1 1 1
0 0 0 0 0 1 1
1 1 0 0 1 1 0
1 1 0 1 0 0 1
1 1 1 1 0 0 1
1 1 1 0 1 1 0

6817
0 0 0 1 1 1 1
0 0 0 1 1 1 1
0 0 0 0 0 1 1
1 1 0 0 1 1 1
1 1 0 1 0 0 0
1 1 1 1 0 0 1
1 1 1 1 0 1 0

6827
0 0 0 1 1 1 1
0 0 0 1 1 1 1
0 0 0 0 0 1 1
1 1 0 0 1 1 1
1 1 0 1 0 0 1
1 1 1 1 0 0 0
1 1 1 1 1 0 0

6837
0 0 0 1 1 1 1
0 0 0 1 1 1 1
0 0 0 0 0 1 1
1 1 0 0 1 1 1
1 1 0 1 0 0 1
1 1 1 1 0 0 1
1 1 1 1 1 1 0

6847
0 0 0 1 1 1 1
0 0 0 1 1 1 1
0 0 0 0 0 1 1
1 1 0 0 1 1 1
1 1 0 1 0 1 1
1 1 1 1 1 0 1
1 1 1 1 1 1 0

6857
0 0 0 1 1 1 0
0 0 0 1 1 1 0
0 0 0 0 1 0 1
1 1 0 0 0 1 1
1 1 1 0 0 0 1
1 1 0 1 0 0 1
0 0 1 1 1 1 0

6867
0 0 0 1 1 1 1
0 0 0 1 1 1 0
0 0 0 0 1 0 0
1 1 0 0 0 1 1
1 1 1 0 0 0 1
1 1 0 1 0 0 1
1 0 0 1 1 1 0

6877
0 0 0 1 1 1 1
0 0 0 1 1 1 0
0 0 0 0 1 0 1
1 1 0 0 0 1 1
1 1 1 0 0 0 0
1 1 0 1 0 0 1
1 0 1 1 0 1 0

6887
0 0 0 1 1 1 1
0 0 0 1 1 1 0
0 0 0 0 1 0 1
1 1 0 0 0 1 1
1 1 1 0 0 0 1
1 1 0 1 0 0 1
1 0 1 1 1 1 0

6897
0 0 0 1 1 1 1
0 0 0 1 1 1 1
0 0 0 0 1 0 0
1 1 0 0 0 1 1
1 1 1 0 0 0 0
1 1 0 1 0 0 1
1 1 0 1 0 1 0

6907
0 0 0 1 1 1 1
0 0 0 1 1 1 1
0 0 0 0 1 0 0
1 1 0 0 0 1 1
1 1 1 0 0 0 1
1 1 0 1 0 0 0
1 1 0 1 1 0 0

6917
0 0 0 1 1 1 1
0 0 0 1 1 1 1
0 0 0 0 1 0 0
1 1 0 0 0 1 1
1 1 1 0 0 0 1
1 1 0 1 0 0 1
1 1 0 1 1 1 0

6927
0 0 0 1 1 1 1
0 0 0 1 1 1 1
0 0 0 0 1 0 1
1 1 0 0 0 1 0
1 1 1 0 0 0 1
1 1 0 1 0 0 0
1 1 1 0 1 0 0

6937
0 0 0 1 1 1 1
0 0 0 1 1 1 1
0 0 0 0 1 0 1
1 1 0 0 0 1 1
1 1 1 0 0 0 0
1 1 0 1 0 0 0
1 1 1 1 0 0 0

6947
0 0 0 1 1 1 1
0 0 0 1 1 1 1
0 0 0 0 1 0 1
1 1 0 0 0 1 1
1 1 1 0 0 0 0
1 1 0 1 0 0 1
1 1 1 1 0 1 0

6957
0 0 0 1 1 1 1
0 0 0 1 1 1 1
0 0 0 0 1 0 1
1 1 0 0 0 1 1
1 1 1 0 0 0 1
1 1 0 1 0 0 0
1 1 1 1 1 0 0

6967
0 0 0 1 1 1 1
0 0 0 1 1 1 1
0 0 0 0 1 0 1
1 1 0 0 0 1 1
1 1 1 0 0 0 1
1 1 0 1 0 0 1
1 1 1 1 1 1 0

6977
0 0 0 1 1 1 1
0 0 0 1 1 1 1
0 0 0 0 1 1 0
1 1 0 0 0 0 0
1 1 1 0 0 0 1
1 1 1 0 0 0 1
1 1 0 0 1 1 0

6987
0 0 0 1 1 1 1
0 0 0 1 1 1 1
0 0 0 0 1 1 1
1 1 0 0 0 0 0
1 1 1 0 0 0 1
1 1 1 0 0 0 0
1 1 1 0 1 0 0

6997
0 0 0 1 1 1 1
0 0 0 1 1 1 1
0 0 0 0 1 1 1
1 1 0 0 0 0 0
1 1 1 0 0 0 1
1 1 1 0 0 0 1
1 1 1 0 1 1 0

7007
0 0 0 1 1 1 1
0 0 0 1 1 1 1
0 0 0 0 1 1 1
1 1 0 0 0 0 1
1 1 1 0 0 0 0
1 1 1 0 0 0 0
1 1 1 1 0 0 0

7017
0 0 0 1 1 1 1
0 0 0 1 1 1 1
0 0 0 0 1 1 1
1 1 0 0 0 0 1
1 1 1 0 0 0 1
1 1 1 0 0 0 0
1 1 1 1 1 0 0

7027
0 0 0 1 1 1 1
0 0 0 1 1 1 1
0 0 0 0 1 1 1
1 1 0 0 0 0 1
1 1 1 0 0 0 1
1 1 1 0 0 0 1
1 1 1 1 1 1 0

7037
0 0 0 1 1 1 1
0 0 0 1 1 1 1
0 0 0 0 1 1 1
1 1 0 0 0 0 0
1 1 1 0 0 1 1
1 1 1 0 1 0 1
1 1 1 0 1 1 0

7047
0 0 0 1 1 1 1
0 0 0 1 1 1 1
0 0 0 0 1 1 1
1 1 0 0 0 0 1
1 1 1 0 0 1 1
1 1 1 0 1 0 0
1 1 1 1 1 0 0

7057
0 0 0 1 1 1 1
0 0 0 1 1 1 1
0 0 0 0 1 1 1
1 1 0 0 0 0 1
1 1 1 0 0 1 1
1 1 1 0 1 0 1
1 1 1 1 1 1 0

7067
0 0 0 1 1 1 1
0 0 0 1 1 1 1
0 0 0 0 1 1 1
1 1 0 0 0 1 0
1 1 1 0 0 0 1
1 1 1 1 0 0 0
1 1 1 0 1 0 0

7077
0 0 0 1 1 1 1
0 0 0 1 1 1 1
0 0 0 0 1 1 1
1 1 0 0 0 1 1
1 1 1 0 0 0 0
1 1 1 1 0 0 1
1 1 1 1 0 1 0

7087
0 0 0 1 1 1 1
0 0 0 1 1 1 1
0 0 0 0 1 1 1
1 1 0 0 0 1 1
1 1 1 0 0 0 1
1 1 1 1 0 0 0
1 1 1 1 1 0 0

7097
0 0 0 1 1 1 1
0 0 0 1 1 1 1
0 0 0 0 1 1 1
1 1 0 0 0 1 1
1 1 1 0 0 0 1
1 1 1 1 0 0 1
1 1 1 1 1 1 0

7107
0 0 0 1 1 1 1
0 0 0 1 1 1 1
0 0 0 0 1 1 1
1 1 0 0 0 1 1
1 1 1 0 0 1 1
1 1 1 1 1 0 1
1 1 1 1 1 1 0

7117
0 0 0 1 1 1 1
0 0 0 1 1 1 0
0 0 0 0 1 1 1
1 1 0 0 1 1 1
1 1 1 1 0 0 1
1 1 1 1 0 0 1
1 0 1 1 1 1 0

7127
0 0 0 1 1 1 1
0 0 0 1 1 1 1
0 0 0 0 1 1 0
1 1 0 0 1 1 1
1 1 1 1 0 0 1
1 1 1 1 0 0 1
1 1 0 1 1 1 0

7137
0 0 0 1 1 1 1
0 0 0 1 1 1 1
0 0 0 0 1 1 1
1 1 0 0 1 1 0
1 1 1 1 0 0 1
1 1 1 1 0 0 1
1 1 1 0 1 1 0

7147
0 0 0 1 1 1 1
0 0 0 1 1 1 1
0 0 0 0 1 1 1
1 1 0 0 1 1 1
1 1 1 1 0 0 1
1 1 1 1 0 0 0
1 1 1 1 1 0 0

7157
0 0 0 1 1 1 1
0 0 0 1 1 1 1
0 0 0 0 1 1 1
1 1 0 0 1 1 1
1 1 1 1 0 0 1
1 1 1 1 0 0 1
1 1 1 1 1 1 0

7167
0 0 0 1 1 1 1
0 0 0 1 1 1 1
0 0 0 0 1 1 1
1 1 0 0 1 1 1
1 1 1 1 0 1 1
1 1 1 1 1 0 1
1 1 1 1 1 1 0

7177
0 0 0 1 1 1 1
0 0 0 1 1 1 1
0 0 0 1 1 1 0
1 1 1 0 0 0 1
1 1 1 0 0 0 1
1 1 1 0 0 0 0
1 1 0 1 1 0 0

7187
0 0 0 1 1 1 1
0 0 0 1 1 1 1
0 0 0 1 1 1 1
1 1 1 0 0 0 1
1 1 1 0 0 0 0
1 1 1 0 0 0 0
1 1 1 1 0 0 0

7197
0 0 0 1 1 1 1
0 0 0 1 1 1 1
0 0 0 1 1 1 1
1 1 1 0 0 0 1
1 1 1 0 0 0 1
1 1 1 0 0 0 0
1 1 1 1 1 0 0

7207
0 0 0 1 1 1 1
0 0 0 1 1 1 1
0 0 0 1 1 1 1
1 1 1 0 0 0 1
1 1 1 0 0 0 1
1 1 1 0 0 0 1
1 1 1 1 1 1 0

7217
0 0 0 1 1 1 1
0 0 0 1 1 1 1
0 0 0 1 1 1 1
1 1 1 0 0 1 0
1 1 1 0 0 0 1
1 1 1 1 0 0 0
1 1 1 0 1 0 0

7227
0 0 0 1 1 1 1
0 0 0 1 1 1 1
0 0 0 1 1 1 1
1 1 1 0 0 1 1
1 1 1 0 0 0 0
1 1 1 1 0 0 1
1 1 1 1 0 1 0

7237
0 0 0 1 1 1 1
0 0 0 1 1 1 1
0 0 0 1 1 1 1
1 1 1 0 0 1 1
1 1 1 0 0 0 1
1 1 1 1 0 0 0
1 1 1 1 1 0 0

7247
0 0 0 1 1 1 1
0 0 0 1 1 1 1
0 0 0 1 1 1 1
1 1 1 0 0 1 1
1 1 1 0 0 0 1
1 1 1 1 0 0 1
1 1 1 1 1 1 0

7257
0 0 0 1 1 1 1
0 0 0 1 1 1 1
0 0 0 1 1 1 1
1 1 1 0 0 1 1
1 1 1 0 0 1 1
1 1 1 1 1 0 0
1 1 1 1 1 0 0

7267
0 0 0 1 1 1 1
0 0 0 1 1 1 1
0 0 0 1 1 1 1
1 1 1 0 0 1 1
1 1 1 0 0 1 1
1 1 1 1 1 0 1
1 1 1 1 1 1 0

7277
0 0 0 1 1 1 1
0 0 0 1 1 1 1
0 0 0 1 1 1 1
1 1 1 0 1 1 1
1 1 1 1 0 1 1
1 1 1 1 1 0 1
1 1 1 1 1 1 0

7287
0 0 1 0 1 0 1
0 0 0 1 0 1 1
1 0 0 0 1 0 1
0 1 0 0 0 1 0
1 0 1 0 0 0 0
0 1 0 1 0 0 0
1 1 1 0 0 0 0

7297
0 0 1 0 1 0 1
0 0 0 1 0 1 1
1 0 0 0 1 0 1
0 1 0 0 0 1 0
1 0 1 0 0 0 1
0 1 0 1 0 0 0
1 1 1 0 1 0 0

7307
0 0 1 0 1 0 1
0 0 0 1 0 1 1
1 0 0 0 1 0 1
0 1 0 0 0 1 1
1 0 1 0 0 0 0
0 1 0 1 0 0 0
1 1 1 1 0 0 0

7317
0 0 1 0 1 0 1
0 0 0 1 0 1 1
1 0 0 0 1 0 1
0 1 0 0 0 1 1
1 0 1 0 0 0 1
0 1 0 1 0 0 0
1 1 1 1 1 0 0

7327
0 0 1 0 1 0 1
0 0 0 1 0 1 1
1 0 0 0 1 0 1
0 1 0 0 0 1 1
1 0 1 0 0 0 1
0 1 0 1 0 0 1
1 1 1 1 1 1 0

7337
0 0 1 0 1 1 1
0 0 0 1 0 0 1
1 0 0 0 1 1 1
0 1 0 0 0 0 0
1 0 1 0 0 1 1
1 0 1 0 1 0 0
1 1 1 0 1 0 0

7347
0 0 1 0 1 1 1
0 0 0 1 0 0 1
1 0 0 0 1 1 1
0 1 0 0 0 0 0
1 0 1 0 0 1 1
1 0 1 0 1 0 1
1 1 1 0 1 1 0

7357
0 0 1 0 1 1 1
0 0 0 1 0 0 1
1 0 0 0 1 1 1
0 1 0 0 0 0 1
1 0 1 0 0 1 1
1 0 1 0 1 0 0
1 1 1 1 1 0 0

7367
0 0 1 0 1 1 1
0 0 0 1 0 0 1
1 0 0 0 1 1 1
0 1 0 0 0 0 1
1 0 1 0 0 1 1
1 0 1 0 1 0 1
1 1 1 1 1 1 0

7377
0 0 1 0 1 1 0
0 0 0 1 0 1 1
1 0 0 0 1 0 1
0 1 0 0 0 1 1
1 0 1 0 0 0 0
1 1 0 1 0 0 0
0 1 1 1 0 0 0

7387
0 0 1 0 1 1 0
0 0 0 1 0 1 1
1 0 0 0 1 0 1
0 1 0 0 0 1 1
1 0 1 0 0 0 1
1 1 0 1 0 0 0
0 1 1 1 1 0 0

7397
0 0 1 0 1 1 1
0 0 0 1 0 1 1
1 0 0 0 1 0 0
0 1 0 0 0 1 1
1 0 1 0 0 0 0
1 1 0 1 0 0 1
1 1 0 1 0 1 0

7407
0 0 1 0 1 1 1
0 0 0 1 0 1 1
1 0 0 0 1 0 1
0 1 0 0 0 1 0
1 0 1 0 0 0 0
1 1 0 1 0 0 1
1 1 1 0 0 1 0

7417
0 0 1 0 1 1 1
0 0 0 1 0 1 1
1 0 0 0 1 0 1
0 1 0 0 0 1 0
1 0 1 0 0 0 1
1 1 0 1 0 0 0
1 1 1 0 1 0 0

7427
0 0 1 0 1 1 1
0 0 0 1 0 1 1
1 0 0 0 1 0 1
0 1 0 0 0 1 1
1 0 1 0 0 0 0
1 1 0 1 0 0 0
1 1 1 1 0 0 0

7437
0 0 1 0 1 1 1
0 0 0 1 0 1 1
1 0 0 0 1 0 1
0 1 0 0 0 1 1
1 0 1 0 0 0 0
1 1 0 1 0 0 1
1 1 1 1 0 1 0

7447
0 0 1 0 1 1 1
0 0 0 1 0 1 1
1 0 0 0 1 0 1
0 1 0 0 0 1 1
1 0 1 0 0 0 1
1 1 0 1 0 0 0
1 1 1 1 1 0 0

7457
0 0 1 0 1 1 1
0 0 0 1 0 1 1
1 0 0 0 1 0 1
0 1 0 0 0 1 1
1 0 1 0 0 0 1
1 1 0 1 0 0 1
1 1 1 1 1 1 0

7467
0 0 1 0 1 1 1
0 0 0 1 0 1 0
1 0 0 0 1 1 1
0 1 0 0 0 0 1
1 0 1 0 0 0 0
1 1 1 0 0 0 1
1 0 1 1 0 1 0

7477
0 0 1 0 1 1 1
0 0 0 1 0 1 0
1 0 0 0 1 1 1
0 1 0 0 0 0 1
1 0 1 0 0 0 1
1 1 1 0 0 0 0
1 0 1 1 1 0 0

7487
0 0 1 0 1 1 1
0 0 0 1 0 1 0
1 0 0 0 1 1 1
0 1 0 0 0 0 1
1 0 1 0 0 0 1
1 1 1 0 0 0 1
1 0 1 1 1 1 0

7497
0 0 1 0 1 1 1
0 0 0 1 0 1 1
1 0 0 0 1 1 0
0 1 0 0 0 0 1
1 0 1 0 0 0 1
1 1 1 0 0 0 1
1 1 0 1 1 1 0

7507
0 0 1 0 1 1 1
0 0 0 1 0 1 1
1 0 0 0 1 1 1
0 1 0 0 0 0 0
1 0 1 0 0 0 0
1 1 1 0 0 0 1
1 1 1 0 0 1 0

7517
0 0 1 0 1 1 1
0 0 0 1 0 1 1
1 0 0 0 1 1 1
0 1 0 0 0 0 0
1 0 1 0 0 0 1
1 1 1 0 0 0 1
1 1 1 0 1 1 0

7527
0 0 1 0 1 1 1
0 0 0 1 0 1 1
1 0 0 0 1 1 1
0 1 0 0 0 0 1
1 0 1 0 0 0 0
1 1 1 0 0 0 1
1 1 1 1 0 1 0

7537
0 0 1 0 1 1 1
0 0 0 1 0 1 1
1 0 0 0 1 1 1
0 1 0 0 0 0 1
1 0 1 0 0 0 1
1 1 1 0 0 0 0
1 1 1 1 1 0 0

7547
0 0 1 0 1 1 1
0 0 0 1 0 1 1
1 0 0 0 1 1 1
0 1 0 0 0 0 1
1 0 1 0 0 0 1
1 1 1 0 0 0 1
1 1 1 1 1 1 0

7557
0 0 1 0 1 1 1
0 0 0 1 0 1 0
1 0 0 0 1 1 1
0 1 0 0 0 0 1
1 0 1 0 0 1 1
1 1 1 0 1 0 1
1 0 1 1 1 1 0

7567
0 0 1 0 1 1 1
0 0 0 1 0 1 1
1 0 0 0 1 1 1
0 1 0 0 0 0 0
1 0 1 0 0 1 1
1 1 1 0 1 0 1
1 1 1 0 1 1 0

7577
0 0 1 0 1 1 1
0 0 0 1 0 1 1
1 0 0 0 1 1 1
0 1 0 0 0 0 1
1 0 1 0 0 1 1
1 1 1 0 1 0 0
1 1 1 1 1 0 0

7587
0 0 1 0 1 1 1
0 0 0 1 0 1 1
1 0 0 0 1 1 1
0 1 0 0 0 0 1
1 0 1 0 0 1 1
1 1 1 0 1 0 1
1 1 1 1 1 1 0

7597
0 0 1 0 1 1 1
0 0 0 1 0 1 1
1 0 0 0 1 1 0
0 1 0 0 0 1 1
1 0 1 0 0 0 1
1 1 1 1 0 0 1
1 1 0 1 1 1 0

7607
0 0 1 0 1 1 1
0 0 0 1 0 1 1
1 0 0 0 1 1 1
0 1 0 0 0 1 0
1 0 1 0 0 0 1
1 1 1 1 0 0 1
1 1 1 0 1 1 0

7617
0 0 1 0 1 1 1
0 0 0 1 0 1 1
1 0 0 0 1 1 1
0 1 0 0 0 1 1
1 0 1 0 0 0 0
1 1 1 1 0 0 1
1 1 1 1 0 1 0

7627
0 0 1 0 1 1 1
0 0 0 1 0 1 1
1 0 0 0 1 1 1
0 1 0 0 0 1 1
1 0 1 0 0 0 1
1 1 1 1 0 0 0
1 1 1 1 1 0 0

7637
0 0 1 0 1 1 1
0 0 0 1 0 1 1
1 0 0 0 1 1 1
0 1 0 0 0 1 1
1 0 1 0 0 0 1
1 1 1 1 0 0 1
1 1 1 1 1 1 0

7647
0 0 1 0 1 1 1
0 0 0 1 0 1 1
1 0 0 0 1 1 1
0 1 0 0 0 1 1
1 0 1 0 0 1 1
1 1 1 1 1 0 0
1 1 1 1 1 0 0

7657
0 0 1 0 1 1 1
0 0 0 1 0 1 1
1 0 0 0 1 1 1
0 1 0 0 0 1 1
1 0 1 0 0 1 1
1 1 1 1 1 0 1
1 1 1 1 1 1 0

7667
0 0 1 0 1 1 0
0 0 0 1 1 0 1
1 0 0 0 1 1 0
0 1 0 0 0 1 1
1 1 1 0 0 0 1
1 0 1 1 0 0 1
0 1 0 1 1 1 0

7677
0 0 1 0 1 1 1
0 0 0 1 1 0 0
1 0 0 0 1 1 1
0 1 0 0 0 1 0
1 1 1 0 0 0 1
1 0 1 1 0 0 1
1 0 1 0 1 1 0

7687
0 0 1 0 1 1 1
0 0 0 1 1 0 1
1 0 0 0 1 1 0
0 1 0 0 0 1 0
1 1 1 0 0 0 1
1 0 1 1 0 0 1
1 1 0 0 1 1 0

7697
0 0 1 0 1 1 1
0 0 0 1 1 0 1
1 0 0 0 1 1 0
0 1 0 0 0 1 1
1 1 1 0 0 0 1
1 0 1 1 0 0 0
1 1 0 1 1 0 0

7707
0 0 1 0 1 1 1
0 0 0 1 1 0 1
1 0 0 0 1 1 0
0 1 0 0 0 1 1
1 1 1 0 0 0 1
1 0 1 1 0 0 1
1 1 0 1 1 1 0

7717
0 0 1 0 1 1 1
0 0 0 1 1 0 1
1 0 0 0 1 1 1
0 1 0 0 0 1 0
1 1 1 0 0 0 1
1 0 1 1 0 0 0
1 1 1 0 1 0 0

7727
0 0 1 0 1 1 1
0 0 0 1 1 0 1
1 0 0 0 1 1 1
0 1 0 0 0 1 0
1 1 1 0 0 0 1
1 0 1 1 0 0 1
1 1 1 0 1 1 0

7737
0 0 1 0 1 1 1
0 0 0 1 1 0 1
1 0 0 0 1 1 1
0 1 0 0 0 1 1
1 1 1 0 0 0 0
1 0 1 1 0 0 0
1 1 1 1 0 0 0

7747
0 0 1 0 1 1 1
0 0 0 1 1 0 1
1 0 0 0 1 1 1
0 1 0 0 0 1 1
1 1 1 0 0 0 1
1 0 1 1 0 0 0
1 1 1 1 1 0 0

7757
0 0 1 0 1 1 1
0 0 0 1 1 0 1
1 0 0 0 1 1 1
0 1 0 0 0 1 1
1 1 1 0 0 0 1
1 0 1 1 0 0 1
1 1 1 1 1 1 0

7767
0 0 1 0 1 1 1
0 0 0 1 1 0 1
1 0 0 0 1 1 0
0 1 0 0 0 1 1
1 1 1 0 0 1 1
1 0 1 1 1 0 1
1 1 0 1 1 1 0

7777
0 0 1 0 1 1 1
0 0 0 1 1 0 1
1 0 0 0 1 1 1
0 1 0 0 0 1 1
1 1 1 0 0 1 1
1 0 1 1 1 0 0
1 1 1 1 1 0 0

7787
0 0 1 0 1 1 1
0 0 0 1 1 0 1
1 0 0 0 1 1 1
0 1 0 0 0 1 1
1 1 1 0 0 1 1
1 0 1 1 1 0 1
1 1 1 1 1 1 0

7797
0 0 1 0 1 1 1
0 0 0 1 1 1 0
1 0 0 0 1 0 1
0 1 0 0 0 1 1
1 1 1 0 0 0 1
1 1 0 1 0 0 0
1 0 1 1 1 0 0

7807
0 0 1 0 1 1 1
0 0 0 1 1 1 1
1 0 0 0 1 0 0
0 1 0 0 0 1 0
1 1 1 0 0 0 1
1 1 0 1 0 0 1
1 1 0 0 1 1 0

7817
0 0 1 0 1 1 1
0 0 0 1 1 1 1
1 0 0 0 1 0 0
0 1 0 0 0 1 1
1 1 1 0 0 0 1
1 1 0 1 0 0 0
1 1 0 1 1 0 0

7827
0 0 1 0 1 1 1
0 0 0 1 1 1 1
1 0 0 0 1 0 1
0 1 0 0 0 1 0
1 1 1 0 0 0 1
1 1 0 1 0 0 0
1 1 1 0 1 0 0

7837
0 0 1 0 1 1 1
0 0 0 1 1 1 1
1 0 0 0 1 0 1
0 1 0 0 0 1 0
1 1 1 0 0 0 1
1 1 0 1 0 0 1
1 1 1 0 1 1 0

7847
0 0 1 0 1 1 1
0 0 0 1 1 1 1
1 0 0 0 1 0 1
0 1 0 0 0 1 1
1 1 1 0 0 0 0
1 1 0 1 0 0 0
1 1 1 1 0 0 0

7857
0 0 1 0 1 1 1
0 0 0 1 1 1 1
1 0 0 0 1 0 1
0 1 0 0 0 1 1
1 1 1 0 0 0 1
1 1 0 1 0 0 0
1 1 1 1 1 0 0

7867
0 0 1 0 1 1 1
0 0 0 1 1 1 1
1 0 0 0 1 0 1
0 1 0 0 0 1 1
1 1 1 0 0 0 1
1 1 0 1 0 0 1
1 1 1 1 1 1 0

7877
0 0 1 0 1 1 1
0 0 0 1 1 1 1
1 0 0 0 1 0 1
0 1 0 0 0 1 1
1 1 1 0 0 1 1
1 1 0 1 1 0 0
1 1 1 1 1 0 0

7887
0 0 1 0 1 1 1
0 0 0 1 1 1 1
1 0 0 0 1 0 1
0 1 0 0 0 1 1
1 1 1 0 0 1 1
1 1 0 1 1 0 1
1 1 1 1 1 1 0

7897
0 0 1 0 1 1 1
0 0 0 1 1 1 0
1 0 0 0 1 1 1
0 1 0 0 0 0 1
1 1 1 0 0 1 1
1 1 1 0 1 0 1
1 0 1 1 1 1 0

7907
0 0 1 0 1 1 1
0 0 0 1 1 1 1
1 0 0 0 1 1 0
0 1 0 0 0 0 1
1 1 1 0 0 1 1
1 1 1 0 1 0 1
1 1 0 1 1 1 0

7917
0 0 1 0 1 1 1
0 0 0 1 1 1 1
1 0 0 0 1 1 1
0 1 0 0 0 0 0
1 1 1 0 0 1 1
1 1 1 0 1 0 1
1 1 1 0 1 1 0

7927
0 0 1 0 1 1 1
0 0 0 1 1 1 1
1 0 0 0 1 1 1
0 1 0 0 0 0 1
1 1 1 0 0 1 1
1 1 1 0 1 0 0
1 1 1 1 1 0 0

7937
0 0 1 0 1 1 1
0 0 0 1 1 1 1
1 0 0 0 1 1 1
0 1 0 0 0 0 1
1 1 1 0 0 1 1
1 1 1 0 1 0 1
1 1 1 1 1 1 0

7947
0 0 1 0 1 1 1
0 0 0 1 1 1 1
1 0 0 0 1 1 0
0 1 0 0 0 1 1
1 1 1 0 0 0 1
1 1 1 1 0 0 0
1 1 0 1 1 0 0

7957
0 0 1 0 1 1 1
0 0 0 1 1 1 1
1 0 0 0 1 1 1
0 1 0 0 0 1 0
1 1 1 0 0 0 1
1 1 1 1 0 0 0
1 1 1 0 1 0 0

7967
0 0 1 0 1 1 1
0 0 0 1 1 1 1
1 0 0 0 1 1 1
0 1 0 0 0 1 1
1 1 1 0 0 0 0
1 1 1 1 0 0 1
1 1 1 1 0 1 0

7977
0 0 1 0 1 1 1
0 0 0 1 1 1 1
1 0 0 0 1 1 1
0 1 0 0 0 1 1
1 1 1 0 0 0 1
1 1 1 1 0 0 0
1 1 1 1 1 0 0

7987
0 0 1 0 1 1 1
0 0 0 1 1 1 1
1 0 0 0 1 1 1
0 1 0 0 0 1 1
1 1 1 0 0 0 1
1 1 1 1 0 0 1
1 1 1 1 1 1 0

7997
0 0 1 0 1 1 1
0 0 0 1 1 1 1
1 0 0 0 1 1 1
0 1 0 0 0 1 1
1 1 1 0 0 1 1
1 1 1 1 1 0 1
1 1 1 1 1 1 0

8007
0 0 1 0 1 1 1
0 0 0 1 1 1 1
1 0 0 0 1 1 1
0 1 0 0 1 1 0
1 1 1 1 0 0 1
1 1 1 1 0 0 1
1 1 1 0 1 1 0

8017
0 0 1 0 1 1 1
0 0 0 1 1 1 1
1 0 0 0 1 1 1
0 1 0 0 1 1 1
1 1 1 1 0 0 1
1 1 1 1 0 0 0
1 1 1 1 1 0 0

8027
0 0 1 0 1 1 1
0 0 0 1 1 1 1
1 0 0 0 1 1 1
0 1 0 0 1 1 1
1 1 1 1 0 0 1
1 1 1 1 0 0 1
1 1 1 1 1 1 0

8037
0 0 1 0 1 1 1
0 0 0 1 1 1 1
1 0 0 0 1 1 1
0 1 0 0 1 1 1
1 1 1 1 0 1 1
1 1 1 1 1 0 1
1 1 1 1 1 1 0

8047
0 0 1 1 1 1 1
0 0 0 0 0 0 1
1 0 0 1 1 1 1
1 0 1 0 1 1 1
1 0 1 1 0 1 1
1 0 1 1 1 0 0
1 1 1 1 1 0 0

8057
0 0 1 1 1 1 1
0 0 0 0 0 0 1
1 0 0 1 1 1 1
1 0 1 0 1 1 1
1 0 1 1 0 1 1
1 0 1 1 1 0 1
1 1 1 1 1 1 0

8067
0 0 1 1 1 1 1
0 0 0 0 0 1 1
1 0 0 1 1 1 1
1 0 1 0 1 1 1
1 0 1 1 0 0 0
1 1 1 1 0 0 1
1 1 1 1 0 1 0

8077
0 0 1 1 1 1 1
0 0 0 0 0 1 1
1 0 0 1 1 1 1
1 0 1 0 1 1 1
1 0 1 1 0 0 1
1 1 1 1 0 0 0
1 1 1 1 1 0 0

8087
0 0 1 1 1 1 1
0 0 0 0 0 1 1
1 0 0 1 1 1 1
1 0 1 0 1 1 1
1 0 1 1 0 0 1
1 1 1 1 0 0 1
1 1 1 1 1 1 0

8097
0 0 1 1 1 1 1
0 0 0 0 0 1 1
1 0 0 1 1 1 1
1 0 1 0 1 1 1
1 0 1 1 0 1 1
1 1 1 1 1 0 1
1 1 1 1 1 1 0

8107
0 0 1 1 1 1 1
0 0 0 0 1 1 1
1 0 0 1 1 1 1
1 0 1 0 0 0 1
1 1 1 0 0 1 1
1 1 1 0 1 0 1
1 1 1 1 1 1 0

8117
0 0 1 1 1 1 1
0 0 0 0 1 1 1
1 0 0 1 1 1 1
1 0 1 0 0 1 0
1 1 1 0 0 0 1
1 1 1 1 0 0 1
1 1 1 0 1 1 0

8127
0 0 1 1 1 1 1
0 0 0 0 1 1 1
1 0 0 1 1 1 1
1 0 1 0 0 1 1
1 1 1 0 0 0 0
1 1 1 1 0 0 1
1 1 1 1 0 1 0

8137
0 0 1 1 1 1 1
0 0 0 0 1 1 1
1 0 0 1 1 1 1
1 0 1 0 0 1 1
1 1 1 0 0 0 1
1 1 1 1 0 0 0
1 1 1 1 1 0 0

8147
0 0 1 1 1 1 1
0 0 0 0 1 1 1
1 0 0 1 1 1 1
1 0 1 0 0 1 1
1 1 1 0 0 0 1
1 1 1 1 0 0 1
1 1 1 1 1 1 0

8157
0 0 1 1 1 1 1
0 0 0 0 1 1 1
1 0 0 1 1 1 1
1 0 1 0 0 1 1
1 1 1 0 0 1 1
1 1 1 1 1 0 1
1 1 1 1 1 1 0

8167
0 0 1 1 1 1 1
0 0 0 0 1 1 1
1 0 0 1 1 1 1
1 0 1 0 1 1 1
1 1 1 1 0 1 1
1 1 1 1 1 0 1
1 1 1 1 1 1 0

8177
0 0 1 1 0 1 1
0 0 0 1 1 1 1
1 0 0 0 1 1 0
1 1 0 0 0 1 1
0 1 1 0 0 0 1
1 1 1 1 0 0 1
1 1 0 1 1 1 0

8187
0 0 1 1 0 1 1
0 0 0 1 1 1 1
1 0 0 0 1 1 1
1 1 0 0 0 1 0
0 1 1 0 0 0 1
1 1 1 1 0 0 1
1 1 1 0 1 1 0

8197
0 0 1 1 0 1 1
0 0 0 1 1 1 1
1 0 0 0 1 1 1
1 1 0 0 0 1 1
0 1 1 0 0 0 0
1 1 1 1 0 0 0
1 1 1 1 0 0 0

8207
0 0 1 1 0 1 1
0 0 0 1 1 1 1
1 0 0 0 1 1 1
1 1 0 0 0 1 1
0 1 1 0 0 0 0
1 1 1 1 0 0 1
1 1 1 1 0 1 0

8217
0 0 1 1 0 1 1
0 0 0 1 1 1 1
1 0 0 0 1 1 1
1 1 0 0 0 1 1
0 1 1 0 0 0 1
1 1 1 1 0 0 0
1 1 1 1 1 0 0

8227
0 0 1 1 0 1 1
0 0 0 1 1 1 1
1 0 0 0 1 1 1
1 1 0 0 0 1 1
0 1 1 0 0 0 1
1 1 1 1 0 0 1
1 1 1 1 1 1 0

8237
0 0 1 1 0 1 1
0 0 0 1 1 1 1
1 0 0 0 1 1 1
1 1 0 0 0 1 1
0 1 1 0 0 1 1
1 1 1 1 1 0 0
1 1 1 1 1 0 0

8247
0 0 1 1 0 1 1
0 0 0 1 1 1 1
1 0 0 0 1 1 1
1 1 0 0 0 1 1
0 1 1 0 0 1 1
1 1 1 1 1 0 1
1 1 1 1 1 1 0

8257
0 0 1 1 1 0 1
0 0 0 1 1 1 1
1 0 0 0 1 1 0
1 1 0 0 0 1 1
1 1 1 0 0 0 1
0 1 1 1 0 0 0
1 1 0 1 1 0 0

8267
0 0 1 1 1 0 1
0 0 0 1 1 1 1
1 0 0 0 1 1 1
1 1 0 0 0 1 0
1 1 1 0 0 0 1
0 1 1 1 0 0 0
1 1 1 0 1 0 0

8277
0 0 1 1 1 0 1
0 0 0 1 1 1 1
1 0 0 0 1 1 1
1 1 0 0 0 1 1
1 1 1 0 0 0 0
0 1 1 1 0 0 0
1 1 1 1 0 0 0

8287
0 0 1 1 1 0 1
0 0 0 1 1 1 1
1 0 0 0 1 1 1
1 1 0 0 0 1 1
1 1 1 0 0 0 1
0 1 1 1 0 0 0
1 1 1 1 1 0 0

8297
0 0 1 1 1 0 1
0 0 0 1 1 1 1
1 0 0 0 1 1 1
1 1 0 0 0 1 1
1 1 1 0 0 0 1
0 1 1 1 0 0 1
1 1 1 1 1 1 0

8307
0 0 1 1 1 1 1
0 0 0 1 1 1 1
1 0 0 0 1 0 0
1 1 0 0 0 1 1
1 1 1 0 0 1 1
1 1 0 1 1 0 1
1 1 0 1 1 1 0

8317
0 0 1 1 1 1 1
0 0 0 1 1 1 1
1 0 0 0 1 0 1
1 1 0 0 0 1 1
1 1 1 0 0 1 1
1 1 0 1 1 0 0
1 1 1 1 1 0 0

8327
0 0 1 1 1 1 1
0 0 0 1 1 1 1
1 0 0 0 1 0 1
1 1 0 0 0 1 1
1 1 1 0 0 1 1
1 1 0 1 1 0 1
1 1 1 1 1 1 0

8337
0 0 1 1 1 1 0
0 0 0 1 1 1 1
1 0 0 0 1 1 1
1 1 0 0 0 1 1
1 1 1 0 0 0 1
1 1 1 1 0 0 0
0 1 1 1 1 0 0

8347
0 0 1 1 1 1 1
0 0 0 1 1 1 1
1 0 0 0 1 1 1
1 1 0 0 0 1 0
1 1 1 0 0 0 1
1 1 1 1 0 0 1
1 1 1 0 1 1 0

8357
0 0 1 1 1 1 1
0 0 0 1 1 1 1
1 0 0 0 1 1 1
1 1 0 0 0 1 1
1 1 1 0 0 0 1
1 1 1 1 0 0 0
1 1 1 1 1 0 0

8367
0 0 1 1 1 1 1
0 0 0 1 1 1 1
1 0 0 0 1 1 1
1 1 0 0 0 1 1
1 1 1 0 0 0 1
1 1 1 1 0 0 1
1 1 1 1 1 1 0

8377
0 0 1 1 1 1 1
0 0 0 1 1 1 1
1 0 0 0 1 1 1
1 1 0 0 0 1 1
1 1 1 0 0 1 1
1 1 1 1 1 0 1
1 1 1 1 1 1 0

8387
0 0 1 1 1 1 1
0 0 0 1 1 1 1
1 0 0 0 1 1 1
1 1 0 0 1 1 0
1 1 1 1 0 0 1
1 1 1 1 0 0 1
1 1 1 0 1 1 0

8397
0 0 1 1 1 1 1
0 0 0 1 1 1 1
1 0 0 0 1 1 1
1 1 0 0 1 1 1
1 1 1 1 0 0 1
1 1 1 1 0 0 0
1 1 1 1 1 0 0

8407
0 0 1 1 1 1 1
0 0 0 1 1 1 1
1 0 0 0 1 1 1
1 1 0 0 1 1 1
1 1 1 1 0 0 1
1 1 1 1 0 0 1
1 1 1 1 1 1 0

8417
0 0 1 1 1 1 1
0 0 0 1 1 1 1
1 0 0 0 1 1 1
1 1 0 0 1 1 1
1 1 1 1 0 1 1
1 1 1 1 1 0 1
1 1 1 1 1 1 0

8427
0 0 1 1 1 1 1
0 0 0 1 1 1 1
1 0 0 1 1 1 1
1 1 1 0 1 1 1
1 1 1 1 0 1 1
1 1 1 1 1 0 1
1 1 1 1 1 1 0

8437
0 0 1 1 1 1 1
0 0 1 1 1 0 1
1 1 0 0 1 1 1
1 1 0 0 0 1 1
1 1 1 0 0 1 1
1 0 1 1 1 0 1
1 1 1 1 1 1 0

8447
0 0 1 1 1 1 1
0 0 1 1 1 1 0
1 1 0 0 1 1 1
1 1 0 0 0 0 1
1 1 1 0 0 1 1
1 1 1 0 1 0 1
1 0 1 1 1 1 0

8457
0 0 1 1 1 1 1
0 0 1 1 1 1 1
1 1 0 0 1 1 1
1 1 0 0 0 0 0
1 1 1 0 0 1 1
1 1 1 0 1 0 1
1 1 1 0 1 1 0

8467
0 0 1 1 1 1 1
0 0 1 1 1 1 1
1 1 0 0 1 1 1
1 1 0 0 0 0 1
1 1 1 0 0 1 1
1 1 1 0 1 0 0
1 1 1 1 1 0 0

8477
0 0 1 1 1 1 1
0 0 1 1 1 1 1
1 1 0 0 1 1 1
1 1 0 0 0 0 1
1 1 1 0 0 1 1
1 1 1 0 1 0 1
1 1 1 1 1 1 0

8487
0 0 1 1 1 1 1
0 0 1 1 1 1 1
1 1 0 0 1 1 1
1 1 0 0 0 1 1
1 1 1 0 0 1 1
1 1 1 1 1 0 1
1 1 1 1 1 1 0

8497
0 0 1 1 1 1 1
0 0 1 1 1 1 1
1 1 0 0 1 1 1
1 1 0 0 1 1 1
1 1 1 1 0 0 1
1 1 1 1 0 0 0
1 1 1 1 1 0 0

8507
0 0 1 1 1 1 1
0 0 1 1 1 1 1
1 1 0 0 1 1 1
1 1 0 0 1 1 1
1 1 1 1 0 0 1
1 1 1 1 0 0 1
1 1 1 1 1 1 0

8517
0 0 1 1 1 1 1
0 0 1 1 1 1 1
1 1 0 0 1 1 1
1 1 0 0 1 1 1
1 1 1 1 0 1 1
1 1 1 1 1 0 1
1 1 1 1 1 1 0

8527
0 0 1 1 1 1 1
0 0 1 1 1 1 1
1 1 0 1 1 1 1
1 1 1 0 1 1 1
1 1 1 1 0 1 1
1 1 1 1 1 0 1
1 1 1 1 1 1 0

8537
0 1 1 1 1 1 1
1 0 1 1 1 1 1
1 1 0 1 1 1 1
1 1 1 0 1 1 1
1 1 1 1 0 1 1
1 1 1 1 1 0 1
1 1 1 1 1 1 0